0 1 0 0.700000 0.700000 0.700000 0.700000 0.700000 0.700000 0.000000 0.000000 0.000000 0.000000 0.000000 0.000000 0
154 2 0 0.000000 0.000000 0.000000 0.000000 0.000000 0.000000 0.000000 0.000000 0.000000 0.000000 0.000000 0.000000 0
2 3 0 0.000000 0.000000 0.000000 0.000000 0.000000 0.000000 0.000000 0.000000 0.000000 0.000000 0.000000 0.000000 0
3 4 0 0.000000 0.000000 0.000000 0.000000 0.000000 0.000000 0.000000 0.000000 0.000000 0.000000 0.000000 0.000000 0
4 5 0 0.600000 0.600000 0.600000 0.600000 0.600000 0.600000 0.000000 0.000000 0.000000 0.000000 0.000000 0.000000 0
5 6 0 0.600000 0.600000 0.600000 0.600000 0.600000 0.600000 0.000000 0.000000 0.000000 0.000000 0.000000 0.000000 0
6 7 0 0.600000 0.600000 0.600000 0.600000 0.600000 0.600000 0.000000 0.000000 0.000000 0.000000 0.000000 0.000000 0
7 8 0 0.000000 0.000000 0.000000 0.000000 0.000000 0.000000 0.000000 0.000000 0.000000 0.000000 0.000000 0.000000 0
8 9 0 0.000000 0.000000 0.000000 0.000000 0.000000 0.000000 0.000000 0.000000 0.000000 0.000000 0.000000 0.000000 0
9 10 0 0.000000 0.000000 0.000000 0.000000 0.000000 0.000000 0.000000 0.000000 0.000000 0.000000 0.000000 0.000000 0
10 11 0 0.000000 0.000000 0.000000 0.000000 0.000000 0.000000 0.000000 0.000000 0.000000 0.000000 0.000000 0.000000 0
11 12 0 0.500000 0.500000 0.500000 0.500000 0.500000 0.500000 0.000000 0.000000 0.000000 0.000000 0.000000 0.000000 0
12 13 0 0.500000 0.500000 0.500000 0.500000 0.500000 0.500000 0.000000 0.000000 0.000000 0.000000 0.000000 0.000000 0
13 14 0 0.500000 0.500000 0.500000 0.500000 0.500000 0.500000 0.000000 0.000000 0.000000 0.000000 0.000000 0.000000 0
14 15 0 0.000000 0.000000 0.000000 0.000000 0.000000 0.000000 0.000000 0.000000 0.000000 0.000000 0.000000 0.000000 0
15 16 0 0.000000 0.000000 0.000000 0.000000 0.000000 0.000000 0.000000 0.000000 0.000000 0.000000 0.000000 0.000000 0
17 18 0 0.000000 0.000000 0.000000 0.000000 0.000000 0.000000 0.000000 0.000000 0.000000 0.000000 0.000000 0.000000 0
18 19 0 0.000000 0.000000 0.000000 0.000000 0.000000 0.000000 0.000000 0.000000 0.000000 0.000000 0.000000 0.000000 0
19 20 0 0.900000 0.900000 0.900000 0.900000 0.900000 0.900000 0.000000 0.000000 0.000000 0.000000 0.000000 0.000000 0
20 21 0 0.900000 0.900000 0.900000 0.900000 0.900000 0.900000 0.000000 0.000000 0.000000 0.000000 0.000000 0.000000 0
21 22 0 0.900000 0.900000 0.900000 0.900000 0.900000 0.900000 0.000000 0.000000 0.000000 0.000000 0.000000 0.000000 0
22 23 0 0.000000 0.000000 0.000000 0.000000 0.000000 0.000000 0.000000 0.000000 0.000000 0.000000 0.000000 0.000000 0
23 24 0 0.000000 0.000000 0.000000 0.000000 0.000000 0.000000 0.000000 0.000000 0.000000 0.000000 0.000000 0.000000 0
24 25 0 0.000000 0.000000 0.000000 0.000000 0.000000 0.000000 0.000000 0.000000 0.000000 0.000000 0.000000 0.000000 0
25 26 0 0.000000 0.000000 0.000000 0.000000 0.000000 0.000000 0.000000 0.000000 0.000000 0.000000 0.000000 0.000000 0
26 27 0 0.800000 0.800000 0.800000 0.800000 0.800000 0.800000 0.000000 0.000000 0.000000 0.000000 0.000000 0.000000 0
27 28 0 0.800000 0.800000 0.800000 0.800000 0.800000 0.800000 0.000000 0.000000 0.000000 0.000000 0.000000 0.000000 0
28 29 0 0.800000 0.800000 0.800000 0.800000 0.800000 0.800000 0.000000 0.000000 0.000000 0.000000 0.000000 0.000000 0
29 30 0 0.000000 0.000000 0.000000 0.000000 0.000000 0.000000 0.000000 0.000000 0.000000 0.000000 0.000000 0.000000 0
30 31 0 0.000000 0.000000 0.000000 0.000000 0.000000 0.000000 0.000000 0.000000 0.000000 0.000000 0.000000 0.000000 0
153 32 0 0.700000 0.700000 0.700000 0.700000 0.700000 0.700000 0.000000 0.000000 0.000000 0.000000 0.000000 0.000000 0
32 0 0 0.700000 0.700000 0.700000 0.700000 0.700000 0.700000 0.000000 0.000000 0.000000 0.000000 0.000000 0.000000 0
34 33 1 0.000000 0.000000 0.000000 0.000000 0.000000 0.000000 1.000000 1.000000 1.000000 1.000000 1.000000 1.000000 0
35 34 1 0.000000 0.000000 0.000000 0.000000 0.000000 0.000000 1.000000 1.000000 1.000000 1.000000 1.000000 1.000000 0
36 35 1 0.000000 0.000000 0.000000 0.000000 0.000000 0.000000 1.000000 1.000000 1.000000 1.000000 1.000000 1.000000 0
37 36 1 0.000000 0.000000 0.000000 0.000000 0.000000 0.000000 1.000000 1.000000 1.000000 1.000000 1.000000 1.000000 0
38 37 1 0.000000 0.000000 0.000000 0.000000 0.000000 0.000000 1.000000 1.000000 1.000000 1.000000 1.000000 1.000000 0
39 38 1 0.000000 0.000000 0.000000 0.000000 0.000000 0.000000 1.000000 1.000000 1.000000 1.000000 1.000000 1.000000 0
40 39 1 0.000000 0.000000 0.000000 0.000000 0.000000 0.000000 1.000000 1.000000 1.000000 1.000000 1.000000 1.000000 0
41 40 1 0.000000 0.000000 0.000000 0.000000 0.000000 0.000000 0.800000 0.800000 0.800000 0.800000 0.800000 0.800000 0
42 41 1 0.000000 0.000000 0.000000 0.000000 0.000000 0.000000 0.800000 0.800000 0.800000 0.800000 0.800000 0.800000 0
43 42 1 0.000000 0.000000 0.000000 0.000000 0.000000 0.000000 0.800000 0.800000 0.800000 0.800000 0.800000 0.800000 0
44 43 1 0.000000 0.000000 0.000000 0.000000 0.000000 0.000000 0.600000 0.600000 0.600000 0.600000 0.600000 0.600000 0
45 44 1 0.000000 0.000000 0.000000 0.000000 0.000000 0.000000 0.600000 0.600000 0.600000 0.600000 0.600000 0.600000 0
46 45 1 0.000000 0.000000 0.000000 0.000000 0.000000 0.000000 0.600000 0.600000 0.600000 0.600000 0.600000 0.600000 0
47 46 1 0.000000 0.000000 0.000000 0.000000 0.000000 0.000000 0.600000 0.600000 0.600000 0.600000 0.600000 0.600000 0
48 47 1 0.000000 0.000000 0.000000 0.000000 0.000000 0.000000 0.400000 0.400000 0.400000 0.400000 0.400000 0.400000 0
49 48 1 0.000000 0.000000 0.000000 0.000000 0.000000 0.000000 0.400000 0.400000 0.400000 0.400000 0.400000 0.400000 0
51 50 1 0.000000 0.000000 0.000000 0.000000 0.000000 0.000000 0.400000 0.400000 0.400000 0.400000 0.400000 0.400000 0
52 51 1 0.000000 0.000000 0.000000 0.000000 0.000000 0.000000 0.400000 0.400000 0.400000 0.400000 0.400000 0.400000 0
53 52 1 0.000000 0.000000 0.000000 0.000000 0.000000 0.000000 0.600000 0.600000 0.600000 0.600000 0.600000 0.600000 0
54 53 1 0.000000 0.000000 0.000000 0.000000 0.000000 0.000000 0.600000 0.600000 0.600000 0.600000 0.600000 0.600000 0
55 54 1 0.000000 0.000000 0.000000 0.000000 0.000000 0.000000 0.600000 0.600000 0.600000 0.600000 0.600000 0.600000 0
56 55 1 0.000000 0.000000 0.000000 0.000000 0.000000 0.000000 0.600000 0.600000 0.600000 0.600000 0.600000 0.600000 0
57 56 1 0.000000 0.000000 0.000000 0.000000 0.000000 0.000000 0.800000 0.800000 0.800000 0.800000 0.800000 0.800000 0
58 57 1 0.000000 0.000000 0.000000 0.000000 0.000000 0.000000 0.800000 0.800000 0.800000 0.800000 0.800000 0.800000 0
59 58 1 0.000000 0.000000 0.000000 0.000000 0.000000 0.000000 0.800000 0.800000 0.800000 0.800000 0.800000 0.800000 0
60 59 1 0.000000 0.000000 0.000000 0.000000 0.000000 0.000000 1.000000 1.000000 1.000000 1.000000 1.000000 1.000000 0
61 60 1 0.000000 0.000000 0.000000 0.000000 0.000000 0.000000 1.000000 1.000000 1.000000 1.000000 1.000000 1.000000 0
62 61 1 0.000000 0.000000 0.000000 0.000000 0.000000 0.000000 1.000000 1.000000 1.000000 1.000000 1.000000 1.000000 0
63 62 1 0.000000 0.000000 0.000000 0.000000 0.000000 0.000000 1.000000 1.000000 1.000000 1.000000 1.000000 1.000000 0
64 63 1 0.000000 0.000000 0.000000 0.000000 0.000000 0.000000 1.000000 1.000000 1.000000 1.000000 1.000000 1.000000 0
65 64 1 0.000000 0.000000 0.000000 0.000000 0.000000 0.000000 1.000000 1.000000 1.000000 1.000000 1.000000 1.000000 0
33 65 1 0.000000 0.000000 0.000000 0.000000 0.000000 0.000000 1.000000 1.000000 1.000000 1.000000 1.000000 1.000000 0
66 67 0 0.500000 0.500000 0.500000 0.500000 0.500000 0.500000 0.000000 0.000000 0.000000 0.000000 0.000000 0.000000 0
68 69 0 0.500000 0.500000 0.500000 0.500000 0.500000 0.500000 0.000000 0.000000 0.000000 0.000000 0.000000 0.000000 0
70 17 0 0.000000 0.000000 0.000000 0.000000 0.000000 0.000000 0.000000 0.000000 0.000000 0.000000 0.000000 0.000000 0
71 70 0 0.000000 0.000000 0.000000 0.000000 0.000000 0.000000 0.000000 0.000000 0.000000 0.000000 0.000000 0.000000 0
50 72 1 0.000000 0.000000 0.000000 0.000000 0.000000 0.000000 0.400000 0.400000 0.400000 0.400000 0.400000 0.400000 0
72 73 1 0.000000 0.000000 0.000000 0.000000 0.000000 0.000000 0.200000 0.200000 0.200000 0.200000 0.200000 0.200000 0
16 74 0 0.000000 0.000000 0.000000 0.000000 0.000000 0.000000 0.000000 0.000000 0.000000 0.000000 0.000000 0.000000 0
74 75 0 0.000000 0.000000 0.000000 0.000000 0.000000 0.000000 0.000000 0.000000 0.000000 0.000000 0.000000 0.000000 0
76 49 1 0.000000 0.000000 0.000000 0.000000 0.000000 0.000000 0.400000 0.400000 0.400000 0.400000 0.400000 0.400000 0
77 76 1 0.000000 0.000000 0.000000 0.000000 0.000000 0.000000 0.200000 0.200000 0.200000 0.200000 0.200000 0.200000 0
78 80 0 0.000000 0.000000 0.000000 0.000000 0.000000 0.000000 0.000000 0.000000 0.000000 0.000000 0.000000 0.000000 0
80 81 0 0.000000 0.000000 0.000000 0.000000 0.000000 0.000000 0.000000 0.000000 0.000000 0.000000 0.000000 0.000000 0
81 79 0 0.000000 0.000000 0.000000 0.000000 0.000000 0.000000 0.000000 0.000000 0.000000 0.000000 0.000000 0.000000 0
82 84 0 0.000000 0.000000 0.000000 0.000000 0.000000 0.000000 0.000000 0.000000 0.000000 0.000000 0.000000 0.000000 0
84 85 0 0.000000 0.000000 0.000000 0.000000 0.000000 0.000000 0.000000 0.000000 0.000000 0.000000 0.000000 0.000000 0
85 83 0 0.000000 0.000000 0.000000 0.000000 0.000000 0.000000 0.000000 0.000000 0.000000 0.000000 0.000000 0.000000 0
88 86 0 0.500000 0.500000 0.500000 0.500000 0.500000 0.500000 0.000000 0.000000 0.000000 0.000000 0.000000 0.000000 0
89 88 0 0.500000 0.500000 0.500000 0.500000 0.500000 0.500000 0.000000 0.000000 0.000000 0.000000 0.000000 0.000000 0
87 89 0 0.500000 0.500000 0.500000 0.500000 0.500000 0.500000 0.000000 0.000000 0.000000 0.000000 0.000000 0.000000 0
90 92 0 0.500000 0.500000 0.500000 0.500000 0.500000 0.500000 0.000000 0.000000 0.000000 0.000000 0.000000 0.000000 0
92 93 0 0.500000 0.500000 0.500000 0.500000 0.500000 0.500000 0.000000 0.000000 0.000000 0.000000 0.000000 0.000000 0
93 91 0 0.500000 0.500000 0.500000 0.500000 0.500000 0.500000 0.000000 0.000000 0.000000 0.000000 0.000000 0.000000 0
96 94 0 0.000000 0.000000 0.000000 0.000000 0.000000 0.000000 0.000000 0.000000 0.000000 0.000000 0.000000 0.000000 0
97 96 0 0.000000 0.000000 0.000000 0.000000 0.000000 0.000000 0.000000 0.000000 0.000000 0.000000 0.000000 0.000000 0
95 97 0 0.000000 0.000000 0.000000 0.000000 0.000000 0.000000 0.200000 0.200000 0.200000 0.200000 0.200000 0.200000 0
98 100 0 0.000000 0.000000 0.000000 0.000000 0.000000 0.000000 0.000000 0.000000 0.000000 0.000000 0.000000 0.000000 0
100 101 0 0.000000 0.000000 0.000000 0.000000 0.000000 0.000000 0.000000 0.000000 0.000000 0.000000 0.000000 0.000000 0
101 99 0 0.000000 0.000000 0.000000 0.000000 0.000000 0.000000 0.200000 0.200000 0.200000 0.200000 0.200000 0.200000 0
104 102 0 0.500000 0.500000 0.500000 0.500000 0.500000 0.500000 0.000000 0.000000 0.000000 0.000000 0.000000 0.000000 0
105 104 0 0.500000 0.500000 0.500000 0.500000 0.500000 0.500000 0.000000 0.000000 0.000000 0.000000 0.000000 0.000000 0
103 105 0 0.500000 0.500000 0.500000 0.500000 0.500000 0.500000 0.000000 0.000000 0.000000 0.000000 0.000000 0.000000 0
86 176 1 0.000000 0.000000 0.000000 0.000000 0.000000 0.000000 0.000000 0.000000 0.000000 0.000000 0.000000 0.000000 0
69 87 0 0.500000 0.500000 0.500000 0.500000 0.500000 0.500000 0.000000 0.000000 0.000000 0.000000 0.000000 0.000000 0
91 66 0 0.500000 0.500000 0.500000 0.500000 0.500000 0.500000 0.000000 0.000000 0.000000 0.000000 0.000000 0.000000 0
73 95 1 0.000000 0.000000 0.000000 0.000000 0.000000 0.000000 0.200000 0.200000 0.200000 0.200000 0.200000 0.200000 0
99 77 1 0.000000 0.000000 0.000000 0.000000 0.000000 0.000000 0.200000 0.200000 0.200000 0.200000 0.200000 0.200000 0
102 68 0 0.500000 0.500000 0.500000 0.500000 0.500000 0.500000 0.000000 0.000000 0.000000 0.000000 0.000000 0.000000 0
75 103 0 0.500000 0.500000 0.500000 0.500000 0.500000 0.500000 0.000000 0.000000 0.000000 0.000000 0.000000 0.000000 0
107 106 1 0.000000 0.000000 0.000000 0.000000 0.000000 0.000000 1.000000 1.000000 1.000000 1.000000 1.000000 1.000000 0
108 107 1 0.000000 0.000000 0.000000 0.000000 0.000000 0.000000 1.000000 1.000000 1.000000 1.000000 1.000000 1.000000 0
109 108 1 0.000000 0.000000 0.000000 0.000000 0.000000 0.000000 1.000000 1.000000 1.000000 1.000000 1.000000 1.000000 0
110 109 1 0.000000 0.000000 0.000000 0.000000 0.000000 0.000000 1.000000 1.000000 1.000000 1.000000 1.000000 1.000000 0
111 110 1 0.000000 0.000000 0.000000 0.000000 0.000000 0.000000 1.000000 1.000000 1.000000 1.000000 1.000000 1.000000 0
112 111 1 0.000000 0.000000 0.000000 0.000000 0.000000 0.000000 1.000000 1.000000 1.000000 1.000000 1.000000 1.000000 0
113 112 1 0.000000 0.000000 0.000000 0.000000 0.000000 0.000000 1.000000 1.000000 1.000000 1.000000 1.000000 1.000000 0
114 113 1 0.000000 0.000000 0.000000 0.000000 0.000000 0.000000 1.000000 1.000000 1.000000 1.000000 1.000000 1.000000 0
115 114 1 0.000000 0.000000 0.000000 0.000000 0.000000 0.000000 1.000000 1.000000 1.000000 1.000000 1.000000 1.000000 0
116 115 1 0.000000 0.000000 0.000000 0.000000 0.000000 0.000000 1.000000 1.000000 1.000000 1.000000 1.000000 1.000000 0
117 116 1 0.000000 0.000000 0.000000 0.000000 0.000000 0.000000 1.000000 1.000000 1.000000 1.000000 1.000000 1.000000 0
118 117 1 0.000000 0.000000 0.000000 0.000000 0.000000 0.000000 1.000000 1.000000 1.000000 1.000000 1.000000 1.000000 0
119 118 1 0.000000 0.000000 0.000000 0.000000 0.000000 0.000000 1.000000 1.000000 1.000000 1.000000 1.000000 1.000000 0
121 120 1 0.000000 0.000000 0.000000 0.000000 0.000000 0.000000 1.000000 1.000000 1.000000 1.000000 1.000000 1.000000 0
122 121 1 0.000000 0.000000 0.000000 0.000000 0.000000 0.000000 1.000000 1.000000 1.000000 1.000000 1.000000 1.000000 0
123 122 1 0.000000 0.000000 0.000000 0.000000 0.000000 0.000000 1.000000 1.000000 1.000000 1.000000 1.000000 1.000000 0
124 123 1 0.000000 0.000000 0.000000 0.000000 0.000000 0.000000 1.000000 1.000000 1.000000 1.000000 1.000000 1.000000 0
125 124 1 0.000000 0.000000 0.000000 0.000000 0.000000 0.000000 1.000000 1.000000 1.000000 1.000000 1.000000 1.000000 0
126 125 1 0.000000 0.000000 0.000000 0.000000 0.000000 0.000000 1.000000 1.000000 1.000000 1.000000 1.000000 1.000000 0
127 126 1 0.000000 0.000000 0.000000 0.000000 0.000000 0.000000 1.000000 1.000000 1.000000 1.000000 1.000000 1.000000 0
128 127 1 0.000000 0.000000 0.000000 0.000000 0.000000 0.000000 1.000000 1.000000 1.000000 1.000000 1.000000 1.000000 0
129 128 1 0.000000 0.000000 0.000000 0.000000 0.000000 0.000000 1.000000 1.000000 1.000000 1.000000 1.000000 1.000000 0
130 129 1 0.000000 0.000000 0.000000 0.000000 0.000000 0.000000 1.000000 1.000000 1.000000 1.000000 1.000000 1.000000 0
131 130 1 0.000000 0.000000 0.000000 0.000000 0.000000 0.000000 1.000000 1.000000 1.000000 1.000000 1.000000 1.000000 0
132 131 1 0.000000 0.000000 0.000000 0.000000 0.000000 0.000000 1.000000 1.000000 1.000000 1.000000 1.000000 1.000000 0
106 132 1 0.000000 0.000000 0.000000 0.000000 0.000000 0.000000 1.000000 1.000000 1.000000 1.000000 1.000000 1.000000 0
135 133 1 0.000000 0.000000 0.000000 0.000000 0.000000 0.000000 1.000000 1.000000 1.000000 1.000000 1.000000 1.000000 0
136 135 1 0.000000 0.000000 0.000000 0.000000 0.000000 0.000000 1.000000 1.000000 1.000000 1.000000 1.000000 1.000000 0
134 136 1 0.000000 0.000000 0.000000 0.000000 0.000000 0.000000 1.000000 1.000000 1.000000 1.000000 1.000000 1.000000 0
137 139 1 0.000000 0.000000 0.000000 0.000000 0.000000 0.000000 1.000000 1.000000 1.000000 1.000000 1.000000 1.000000 0
139 140 1 0.000000 0.000000 0.000000 0.000000 0.000000 0.000000 1.000000 1.000000 1.000000 1.000000 1.000000 1.000000 0
140 138 1 0.000000 0.000000 0.000000 0.000000 0.000000 0.000000 1.000000 1.000000 1.000000 1.000000 1.000000 1.000000 0
133 119 1 0.000000 0.000000 0.000000 0.000000 0.000000 0.000000 1.000000 1.000000 1.000000 1.000000 1.000000 1.000000 0
120 137 1 0.000000 0.000000 0.000000 0.000000 0.000000 0.000000 1.000000 1.000000 1.000000 1.000000 1.000000 1.000000 0
143 141 1 0.000000 0.000000 0.000000 0.000000 0.000000 0.000000 1.000000 1.000000 1.000000 1.000000 1.000000 1.000000 0
144 143 1 0.000000 0.000000 0.000000 0.000000 0.000000 0.000000 1.000000 1.000000 1.000000 1.000000 1.000000 1.000000 0
142 144 1 0.000000 0.000000 0.000000 0.000000 0.000000 0.000000 1.000000 1.000000 1.000000 1.000000 1.000000 1.000000 0
145 147 1 0.000000 0.000000 0.000000 0.000000 0.000000 0.000000 1.000000 1.000000 1.000000 1.000000 1.000000 1.000000 0
147 148 1 0.000000 0.000000 0.000000 0.000000 0.000000 0.000000 1.000000 1.000000 1.000000 1.000000 1.000000 1.000000 0
148 146 1 0.000000 0.000000 0.000000 0.000000 0.000000 0.000000 1.000000 1.000000 1.000000 1.000000 1.000000 1.000000 0
141 145 1 0.000000 0.000000 0.000000 0.000000 0.000000 0.000000 1.000000 1.000000 1.000000 1.000000 1.000000 1.000000 0
138 142 1 0.000000 0.000000 0.000000 0.000000 0.000000 0.000000 1.000000 1.000000 1.000000 1.000000 1.000000 1.000000 0
146 134 1 0.000000 0.000000 0.000000 0.000000 0.000000 0.000000 1.000000 1.000000 1.000000 1.000000 1.000000 1.000000 0
149 151 0 0.500000 0.500000 0.500000 0.500000 0.500000 0.500000 0.000000 0.000000 0.000000 0.000000 0.000000 0.000000 0
151 152 0 0.500000 0.500000 0.500000 0.500000 0.500000 0.500000 0.000000 0.000000 0.000000 0.000000 0.000000 0.000000 0
152 150 0 0.500000 0.500000 0.500000 0.500000 0.500000 0.500000 0.000000 0.000000 0.000000 0.000000 0.000000 0.000000 0
67 149 0 0.500000 0.500000 0.500000 0.500000 0.500000 0.500000 0.000000 0.000000 0.000000 0.000000 0.000000 0.000000 0
150 71 0 0.500000 0.500000 0.500000 0.500000 0.500000 0.500000 0.000000 0.000000 0.000000 0.000000 0.000000 0.000000 0
184 90 1 0.000000 0.000000 0.000000 0.000000 0.000000 0.000000 0.000000 0.000000 0.000000 0.000000 0.000000 0.000000 0
31 153 0 0.000000 0.000000 0.000000 0.000000 0.000000 0.000000 0.000000 0.000000 0.000000 0.000000 0.000000 0.000000 0
1 154 0 0.700000 0.700000 0.700000 0.700000 0.700000 0.700000 0.000000 0.000000 0.000000 0.000000 0.000000 0.000000 0
190 98 0 0.000000 0.000000 0.000000 0.000000 0.000000 0.000000 0.000000 0.000000 0.000000 0.000000 0.000000 0.000000 0
168 82 0 1.000000 1.000000 1.000000 1.000000 1.000000 1.000000 0.000000 0.000000 0.000000 0.000000 0.000000 0.000000 0
79 155 0 0.300000 0.300000 0.300000 0.300000 0.300000 0.300000 0.000000 0.000000 0.000000 0.000000 0.000000 0.000000 0
155 156 0 0.000000 0.000000 0.000000 0.000000 0.000000 0.000000 0.000000 0.000000 0.000000 0.000000 0.000000 0.000000 0
156 157 0 1.000000 1.000000 1.000000 1.000000 1.000000 1.000000 0.000000 0.000000 0.000000 0.000000 0.000000 0.000000 0
157 158 0 0.000000 0.000000 0.000000 0.000000 0.000000 0.000000 0.000000 0.000000 0.000000 0.000000 0.000000 0.000000 0
158 159 0 0.300000 0.300000 0.300000 0.300000 0.300000 0.300000 0.000000 0.000000 0.000000 0.000000 0.000000 0.000000 0
159 160 0 0.000000 0.000000 0.000000 0.000000 0.000000 0.000000 0.000000 0.000000 0.000000 0.000000 0.000000 0.000000 0
160 161 0 1.000000 1.000000 1.000000 1.000000 1.000000 1.000000 0.000000 0.000000 0.000000 0.000000 0.000000 0.000000 0
161 162 0 0.000000 0.000000 0.000000 0.000000 0.000000 0.000000 0.000000 0.000000 0.000000 0.000000 0.000000 0.000000 0
162 163 0 0.300000 0.300000 0.300000 0.300000 0.300000 0.300000 0.000000 0.000000 0.000000 0.000000 0.000000 0.000000 0
163 164 0 0.000000 0.000000 0.000000 0.000000 0.000000 0.000000 0.000000 0.000000 0.000000 0.000000 0.000000 0.000000 0
164 165 0 1.000000 1.000000 1.000000 1.000000 1.000000 1.000000 0.000000 0.000000 0.000000 0.000000 0.000000 0.000000 0
165 166 0 0.000000 0.000000 0.000000 0.000000 0.000000 0.000000 0.000000 0.000000 0.000000 0.000000 0.000000 0.000000 0
166 167 0 0.300000 0.300000 0.300000 0.300000 0.300000 0.300000 0.000000 0.000000 0.000000 0.000000 0.000000 0.000000 0
167 168 0 0.000000 0.000000 0.000000 0.000000 0.000000 0.000000 0.000000 0.000000 0.000000 0.000000 0.000000 0.000000 0
169 78 1 0.000000 0.000000 0.000000 0.000000 0.000000 0.000000 1.000000 1.000000 1.000000 1.000000 1.000000 1.000000 0
170 169 1 0.000000 0.000000 0.000000 0.000000 0.000000 0.000000 0.000000 0.000000 0.000000 0.000000 0.000000 0.000000 0
171 170 1 0.000000 0.000000 0.000000 0.000000 0.000000 0.000000 1.000000 1.000000 1.000000 1.000000 1.000000 1.000000 0
172 171 1 0.000000 0.000000 0.000000 0.000000 0.000000 0.000000 0.000000 0.000000 0.000000 0.000000 0.000000 0.000000 0
173 172 1 0.000000 0.000000 0.000000 0.000000 0.000000 0.000000 0.000000 0.000000 0.000000 0.000000 0.000000 0.000000 0
174 173 1 0.000000 0.000000 0.000000 0.000000 0.000000 0.000000 0.000000 0.000000 0.000000 0.000000 0.000000 0.000000 0
175 174 1 0.000000 0.000000 0.000000 0.000000 0.000000 0.000000 0.000000 0.000000 0.000000 0.000000 0.000000 0.000000 0
176 175 1 0.000000 0.000000 0.000000 0.000000 0.000000 0.000000 0.000000 0.000000 0.000000 0.000000 0.000000 0.000000 0
83 177 1 0.000000 0.000000 0.000000 0.000000 0.000000 0.000000 1.000000 1.000000 1.000000 1.000000 1.000000 1.000000 0
177 178 1 0.000000 0.000000 0.000000 0.000000 0.000000 0.000000 0.000000 0.000000 0.000000 0.000000 0.000000 0.000000 0
178 179 1 0.000000 0.000000 0.000000 0.000000 0.000000 0.000000 1.000000 1.000000 1.000000 1.000000 1.000000 1.000000 0
179 180 1 0.000000 0.000000 0.000000 0.000000 0.000000 0.000000 0.000000 0.000000 0.000000 0.000000 0.000000 0.000000 0
180 181 1 0.000000 0.000000 0.000000 0.000000 0.000000 0.000000 0.000000 0.000000 0.000000 0.000000 0.000000 0.000000 0
181 182 1 0.000000 0.000000 0.000000 0.000000 0.000000 0.000000 0.000000 0.000000 0.000000 0.000000 0.000000 0.000000 0
182 183 1 0.000000 0.000000 0.000000 0.000000 0.000000 0.000000 0.000000 0.000000 0.000000 0.000000 0.000000 0.000000 0
183 184 1 0.000000 0.000000 0.000000 0.000000 0.000000 0.000000 0.000000 0.000000 0.000000 0.000000 0.000000 0.000000 0
94 185 0 0.000000 0.000000 0.000000 0.000000 0.000000 0.000000 0.000000 0.000000 0.000000 0.000000 0.000000 0.000000 0
185 186 0 0.000000 0.000000 0.000000 0.000000 0.000000 0.000000 0.000000 0.000000 0.000000 0.000000 0.000000 0.000000 0
186 187 0 0.000000 0.000000 0.000000 0.000000 0.000000 0.000000 0.000000 0.000000 0.000000 0.000000 0.000000 0.000000 0
187 188 0 0.000000 0.000000 0.000000 0.000000 0.000000 0.000000 0.000000 0.000000 0.000000 0.000000 0.000000 0.000000 0
188 189 0 0.000000 0.000000 0.000000 0.000000 0.000000 0.000000 0.000000 0.000000 0.000000 0.000000 0.000000 0.000000 0
189 190 0 0.000000 0.000000 0.000000 0.000000 0.000000 0.000000 0.000000 0.000000 0.000000 0.000000 0.000000 0.000000 0
