0 2 0 0.000000 0.000000 0.000000 0.000000 0.000000 0.000000 0.000000 0.000000 0.000000 0.000000 0.000000 0.000000 0
2 3 0 0.000000 0.000000 0.000000 0.000000 0.000000 0.000000 0.000000 0.000000 0.000000 0.000000 0.000000 0.000000 0
3 4 0 0.000000 0.000000 0.000000 0.000000 0.000000 0.000000 0.000000 0.000000 0.000000 0.000000 0.000000 0.000000 0
4 1 0 0.000000 0.000000 0.000000 0.000000 0.000000 0.000000 0.000000 0.000000 0.000000 0.000000 0.000000 0.000000 0
7 5 0 0.000000 0.000000 0.000000 0.000000 0.000000 0.000000 0.000000 0.000000 0.000000 0.000000 0.000000 0.000000 0
8 7 0 0.000000 0.000000 0.000000 0.000000 0.000000 0.000000 0.000000 0.000000 0.000000 0.000000 0.000000 0.000000 0
9 8 0 0.000000 0.000000 0.000000 0.000000 0.000000 0.000000 0.000000 0.000000 0.000000 0.000000 0.000000 0.000000 0
6 9 0 0.000000 0.000000 0.000000 0.000000 0.000000 0.000000 0.000000 0.000000 0.000000 0.000000 0.000000 0.000000 0
12 10 0 0.200000 0.200000 0.200000 0.200000 0.200000 0.200000 0.000000 0.000000 0.000000 0.000000 0.000000 0.000000 0
13 12 0 0.200000 0.200000 0.200000 0.200000 0.200000 0.200000 0.000000 0.000000 0.000000 0.000000 0.000000 0.000000 0
14 13 0 0.200000 0.200000 0.200000 0.200000 0.200000 0.200000 0.000000 0.000000 0.000000 0.000000 0.000000 0.000000 0
11 14 0 0.200000 0.200000 0.200000 0.200000 0.200000 0.200000 0.000000 0.000000 0.000000 0.000000 0.000000 0.000000 0
15 17 0 0.200000 0.200000 0.200000 0.200000 0.200000 0.200000 0.000000 0.000000 0.000000 0.000000 0.000000 0.000000 0
17 18 0 0.200000 0.200000 0.200000 0.200000 0.200000 0.200000 0.000000 0.000000 0.000000 0.000000 0.000000 0.000000 0
18 19 0 0.200000 0.200000 0.200000 0.200000 0.200000 0.200000 0.000000 0.000000 0.000000 0.000000 0.000000 0.000000 0
19 16 0 0.200000 0.200000 0.200000 0.200000 0.200000 0.200000 0.000000 0.000000 0.000000 0.000000 0.000000 0.000000 0
20 22 0 0.000000 0.000000 0.000000 0.000000 0.000000 0.000000 0.000000 0.000000 0.000000 0.000000 0.000000 0.000000 0
22 23 0 0.000000 0.000000 0.000000 0.000000 0.000000 0.000000 0.000000 0.000000 0.000000 0.000000 0.000000 0.000000 0
23 24 0 0.000000 0.000000 0.000000 0.000000 0.000000 0.000000 0.000000 0.000000 0.000000 0.000000 0.000000 0.000000 0
24 21 0 0.000000 0.000000 0.000000 0.000000 0.000000 0.000000 0.000000 0.000000 0.000000 0.000000 0.000000 0.000000 0
27 25 0 0.000000 0.000000 0.000000 0.000000 0.000000 0.000000 0.000000 0.000000 0.000000 0.000000 0.000000 0.000000 0
28 27 0 0.000000 0.000000 0.000000 0.000000 0.000000 0.000000 0.000000 0.000000 0.000000 0.000000 0.000000 0.000000 0
29 28 0 0.000000 0.000000 0.000000 0.000000 0.000000 0.000000 0.000000 0.000000 0.000000 0.000000 0.000000 0.000000 0
26 29 0 0.000000 0.000000 0.000000 0.000000 0.000000 0.000000 0.000000 0.000000 0.000000 0.000000 0.000000 0.000000 0
10 229 0 0.200000 0.200000 0.200000 0.200000 0.200000 0.200000 0.000000 0.000000 0.000000 0.000000 0.000000 0.000000 0
1 20 0 0.000000 0.000000 0.000000 0.000000 0.000000 0.000000 0.000000 0.000000 0.000000 0.000000 0.000000 0.000000 0
245 15 0 0.200000 0.200000 0.200000 0.200000 0.200000 0.200000 0.000000 0.000000 0.000000 0.000000 0.000000 0.000000 0
25 6 0 0.000000 0.000000 0.000000 0.000000 0.000000 0.000000 0.000000 0.000000 0.000000 0.000000 0.000000 0.000000 0
69 26 0 0.100000 0.100000 0.100000 0.000000 0.000000 0.000000 0.000000 0.000000 0.000000 0.000000 0.000000 0.000000 0
32 30 1 0.000000 0.000000 0.000000 0.000000 0.000000 0.000000 0.000000 0.000000 0.000000 0.000000 0.000000 0.000000 0
31 32 1 0.000000 0.000000 0.000000 0.000000 0.000000 0.000000 0.000000 0.000000 0.000000 0.000000 0.000000 0.000000 0
33 35 1 0.000000 0.000000 0.000000 0.000000 0.000000 0.000000 0.000000 0.000000 0.000000 0.000000 0.000000 0.000000 0
35 34 1 0.000000 0.000000 0.000000 0.000000 0.000000 0.000000 0.000000 0.000000 0.000000 0.000000 0.000000 0.000000 0
38 36 1 0.000000 0.000000 0.000000 0.000000 0.000000 0.000000 0.000000 0.000000 0.000000 0.000000 0.000000 0.000000 0
37 38 1 0.000000 0.000000 0.000000 0.000000 0.000000 0.000000 0.000000 0.000000 0.000000 0.000000 0.000000 0.000000 0
39 41 1 0.000000 0.000000 0.000000 0.000000 0.000000 0.000000 0.000000 0.000000 0.000000 0.000000 0.000000 0.000000 0
41 40 1 0.000000 0.000000 0.000000 0.000000 0.000000 0.000000 0.000000 0.000000 0.000000 0.000000 0.000000 0.000000 0
42 44 1 0.000000 0.000000 0.000000 0.000000 0.000000 0.000000 0.000000 0.000000 0.000000 0.000000 0.000000 0.000000 0
44 43 1 0.000000 0.000000 0.000000 0.000000 0.000000 0.000000 0.000000 0.000000 0.000000 0.000000 0.000000 0.000000 0
47 45 1 0.000000 0.000000 0.000000 0.000000 0.000000 0.000000 0.000000 0.000000 0.000000 0.000000 0.000000 0.000000 0
46 47 1 0.000000 0.000000 0.000000 0.000000 0.000000 0.000000 0.000000 0.000000 0.000000 0.000000 0.000000 0.000000 0
36 31 1 0.000000 0.000000 0.000000 0.000000 0.000000 0.000000 0.000000 0.000000 0.000000 0.000000 0.000000 0.000000 0
34 39 1 0.000000 0.000000 0.000000 0.000000 0.000000 0.000000 0.000000 0.000000 0.000000 0.000000 0.000000 0.000000 0
43 37 1 0.000000 0.000000 0.000000 0.000000 0.000000 0.000000 0.000000 0.000000 0.000000 0.000000 0.000000 0.000000 0
40 46 1 0.000000 0.000000 0.000000 0.000000 0.000000 0.000000 0.000000 0.000000 0.000000 0.000000 0.000000 0.000000 0
45 247 0 0.000000 0.000000 0.000000 0.600000 0.600000 0.600000 0.000000 0.000000 0.000000 0.000000 0.000000 0.000000 0
50 48 1 0.000000 0.000000 0.000000 0.000000 0.000000 0.000000 0.000000 0.000000 0.000000 0.000000 0.000000 0.000000 0
49 50 1 0.000000 0.000000 0.000000 0.000000 0.000000 0.000000 0.000000 0.000000 0.000000 0.000000 0.000000 0.000000 0
51 53 1 0.000000 0.000000 0.000000 0.000000 0.000000 0.000000 0.000000 0.000000 0.000000 0.000000 0.000000 0.000000 0
53 52 1 0.000000 0.000000 0.000000 0.000000 0.000000 0.000000 0.000000 0.000000 0.000000 0.000000 0.000000 0.000000 0
205 11 1 0.000000 0.000000 0.000000 0.000000 0.000000 0.000000 0.400000 0.400000 0.400000 0.400000 0.400000 0.400000 0
30 49 1 0.000000 0.000000 0.000000 0.000000 0.000000 0.000000 0.000000 0.000000 0.000000 0.000000 0.000000 0.000000 0
16 213 1 0.000000 0.000000 0.000000 0.000000 0.000000 0.000000 0.400000 0.400000 0.400000 0.400000 0.400000 0.400000 0
52 33 1 0.000000 0.000000 0.000000 0.000000 0.000000 0.000000 0.000000 0.000000 0.000000 0.000000 0.000000 0.000000 0
21 54 0 0.000000 0.000000 0.000000 0.100000 0.100000 0.100000 0.000000 0.000000 0.000000 0.000000 0.000000 0.000000 0
54 55 0 0.100000 0.100000 0.100000 0.200000 0.200000 0.200000 0.000000 0.000000 0.000000 0.000000 0.000000 0.000000 0
55 56 0 0.200000 0.200000 0.200000 0.300000 0.300000 0.300000 0.000000 0.000000 0.000000 0.000000 0.000000 0.000000 0
56 57 0 0.300000 0.300000 0.300000 0.400000 0.400000 0.400000 0.000000 0.000000 0.000000 0.000000 0.000000 0.000000 0
57 58 0 0.400000 0.400000 0.400000 0.500000 0.500000 0.500000 0.000000 0.000000 0.000000 0.000000 0.000000 0.000000 0
58 59 0 0.500000 0.500000 0.500000 0.600000 0.600000 0.600000 0.000000 0.000000 0.000000 0.000000 0.000000 0.000000 0
59 60 0 0.600000 0.600000 0.600000 0.800000 0.800000 0.800000 0.000000 0.000000 0.000000 0.000000 0.000000 0.000000 0
60 61 0 0.800000 0.800000 0.800000 1.000000 1.000000 1.000000 0.000000 0.000000 0.000000 0.000000 0.000000 0.000000 0
61 62 0 1.000000 1.000000 1.000000 1.000000 1.000000 1.000000 0.000000 0.000000 0.000000 0.000000 0.000000 0.000000 0
62 63 0 1.000000 1.000000 1.000000 0.800000 0.800000 0.800000 0.000000 0.000000 0.000000 0.000000 0.000000 0.000000 0
63 64 0 0.800000 0.800000 0.800000 0.600000 0.600000 0.600000 0.000000 0.000000 0.000000 0.000000 0.000000 0.000000 0
64 65 0 0.600000 0.600000 0.600000 0.500000 0.500000 0.500000 0.000000 0.000000 0.000000 0.000000 0.000000 0.000000 0
65 66 0 0.500000 0.500000 0.500000 0.400000 0.400000 0.400000 0.000000 0.000000 0.000000 0.000000 0.000000 0.000000 0
66 67 0 0.400000 0.400000 0.400000 0.300000 0.300000 0.300000 0.000000 0.000000 0.000000 0.000000 0.000000 0.000000 0
67 68 0 0.300000 0.300000 0.300000 0.200000 0.200000 0.200000 0.000000 0.000000 0.000000 0.000000 0.000000 0.000000 0
68 69 0 0.200000 0.200000 0.200000 0.100000 0.100000 0.100000 0.000000 0.000000 0.000000 0.000000 0.000000 0.000000 0
71 70 1 0.000000 0.000000 0.000000 0.000000 0.000000 0.000000 0.000000 0.000000 0.000000 0.000000 0.000000 0.000000 0
72 71 1 0.000000 0.000000 0.000000 0.000000 0.000000 0.000000 0.000000 0.000000 0.000000 0.000000 0.000000 0.000000 0
73 72 1 0.000000 0.000000 0.000000 0.000000 0.000000 0.000000 0.000000 0.000000 0.000000 0.000000 0.000000 0.000000 0
74 73 1 0.000000 0.000000 0.000000 0.000000 0.000000 0.000000 0.000000 0.000000 0.000000 0.000000 0.000000 0.000000 0
75 74 1 0.000000 0.000000 0.000000 0.000000 0.000000 0.000000 0.000000 0.000000 0.000000 0.000000 0.000000 0.000000 0
76 75 1 0.000000 0.000000 0.000000 0.000000 0.000000 0.000000 0.000000 0.000000 0.000000 0.000000 0.000000 0.000000 0
77 76 1 0.000000 0.000000 0.000000 0.000000 0.000000 0.000000 0.000000 0.000000 0.000000 0.000000 0.000000 0.000000 0
78 77 1 0.000000 0.000000 0.000000 0.000000 0.000000 0.000000 0.000000 0.000000 0.000000 0.000000 0.000000 0.000000 0
79 78 1 0.000000 0.000000 0.000000 0.000000 0.000000 0.000000 0.000000 0.000000 0.000000 0.000000 0.000000 0.000000 0
80 79 1 0.000000 0.000000 0.000000 0.000000 0.000000 0.000000 0.000000 0.000000 0.000000 0.000000 0.000000 0.000000 0
81 80 1 0.000000 0.000000 0.000000 0.000000 0.000000 0.000000 0.000000 0.000000 0.000000 0.000000 0.000000 0.000000 0
82 81 1 0.000000 0.000000 0.000000 0.000000 0.000000 0.000000 0.000000 0.000000 0.000000 0.000000 0.000000 0.000000 0
83 82 1 0.000000 0.000000 0.000000 0.000000 0.000000 0.000000 0.000000 0.000000 0.000000 0.000000 0.000000 0.000000 0
84 83 1 0.000000 0.000000 0.000000 0.000000 0.000000 0.000000 0.000000 0.000000 0.000000 0.000000 0.000000 0.000000 0
85 84 1 0.000000 0.000000 0.000000 0.000000 0.000000 0.000000 0.000000 0.000000 0.000000 0.000000 0.000000 0.000000 0
86 85 1 0.000000 0.000000 0.000000 0.000000 0.000000 0.000000 0.000000 0.000000 0.000000 0.000000 0.000000 0.000000 0
87 86 1 0.000000 0.000000 0.000000 0.000000 0.000000 0.000000 0.000000 0.000000 0.000000 0.000000 0.000000 0.000000 0
88 87 1 0.000000 0.000000 0.000000 0.000000 0.000000 0.000000 0.000000 0.000000 0.000000 0.000000 0.000000 0.000000 0
89 88 1 0.000000 0.000000 0.000000 0.000000 0.000000 0.000000 0.000000 0.000000 0.000000 0.000000 0.000000 0.000000 0
90 89 1 0.000000 0.000000 0.000000 0.000000 0.000000 0.000000 0.000000 0.000000 0.000000 0.000000 0.000000 0.000000 0
91 90 1 0.000000 0.000000 0.000000 0.000000 0.000000 0.000000 0.000000 0.000000 0.000000 0.000000 0.000000 0.000000 0
92 91 1 0.000000 0.000000 0.000000 0.000000 0.000000 0.000000 0.000000 0.000000 0.000000 0.000000 0.000000 0.000000 0
93 92 1 0.000000 0.000000 0.000000 0.000000 0.000000 0.000000 0.000000 0.000000 0.000000 0.000000 0.000000 0.000000 0
94 93 1 0.000000 0.000000 0.000000 0.000000 0.000000 0.000000 0.000000 0.000000 0.000000 0.000000 0.000000 0.000000 0
95 94 1 0.000000 0.000000 0.000000 0.000000 0.000000 0.000000 0.000000 0.000000 0.000000 0.000000 0.000000 0.000000 0
96 95 1 0.000000 0.000000 0.000000 0.000000 0.000000 0.000000 0.000000 0.000000 0.000000 0.000000 0.000000 0.000000 0
97 96 1 0.000000 0.000000 0.000000 0.000000 0.000000 0.000000 0.000000 0.000000 0.000000 0.000000 0.000000 0.000000 0
98 97 1 0.000000 0.000000 0.000000 0.000000 0.000000 0.000000 0.000000 0.000000 0.000000 0.000000 0.000000 0.000000 0
99 98 1 0.000000 0.000000 0.000000 0.000000 0.000000 0.000000 0.000000 0.000000 0.000000 0.000000 0.000000 0.000000 0
100 99 1 0.000000 0.000000 0.000000 0.000000 0.000000 0.000000 0.000000 0.000000 0.000000 0.000000 0.000000 0.000000 0
101 100 1 0.000000 0.000000 0.000000 0.000000 0.000000 0.000000 0.000000 0.000000 0.000000 0.000000 0.000000 0.000000 0
70 101 1 0.000000 0.000000 0.000000 0.000000 0.000000 0.000000 0.000000 0.000000 0.000000 0.000000 0.000000 0.000000 0
103 102 1 0.000000 0.000000 0.000000 0.000000 0.000000 0.000000 0.000000 0.000000 0.000000 0.000000 0.000000 0.000000 0
104 103 1 0.000000 0.000000 0.000000 0.000000 0.000000 0.000000 0.000000 0.000000 0.000000 0.000000 0.000000 0.000000 0
105 104 1 0.000000 0.000000 0.000000 0.000000 0.000000 0.000000 0.000000 0.000000 0.000000 0.000000 0.000000 0.000000 0
106 105 1 0.000000 0.000000 0.000000 0.000000 0.000000 0.000000 0.000000 0.000000 0.000000 0.000000 0.000000 0.000000 0
107 106 1 0.000000 0.000000 0.000000 0.000000 0.000000 0.000000 0.000000 0.000000 0.000000 0.000000 0.000000 0.000000 0
108 107 1 0.000000 0.000000 0.000000 0.000000 0.000000 0.000000 0.000000 0.000000 0.000000 0.000000 0.000000 0.000000 0
109 108 1 0.000000 0.000000 0.000000 0.000000 0.000000 0.000000 0.000000 0.000000 0.000000 0.000000 0.000000 0.000000 0
110 109 1 0.000000 0.000000 0.000000 0.000000 0.000000 0.000000 0.000000 0.000000 0.000000 0.000000 0.000000 0.000000 0
111 110 1 0.000000 0.000000 0.000000 0.000000 0.000000 0.000000 0.000000 0.000000 0.000000 0.000000 0.000000 0.000000 0
112 111 1 0.000000 0.000000 0.000000 0.000000 0.000000 0.000000 0.000000 0.000000 0.000000 0.000000 0.000000 0.000000 0
113 112 1 0.000000 0.000000 0.000000 0.000000 0.000000 0.000000 0.000000 0.000000 0.000000 0.000000 0.000000 0.000000 0
114 113 1 0.000000 0.000000 0.000000 0.000000 0.000000 0.000000 0.000000 0.000000 0.000000 0.000000 0.000000 0.000000 0
115 114 1 0.000000 0.000000 0.000000 0.000000 0.000000 0.000000 0.000000 0.000000 0.000000 0.000000 0.000000 0.000000 0
116 115 1 0.000000 0.000000 0.000000 0.000000 0.000000 0.000000 0.000000 0.000000 0.000000 0.000000 0.000000 0.000000 0
117 116 1 0.000000 0.000000 0.000000 0.000000 0.000000 0.000000 0.000000 0.000000 0.000000 0.000000 0.000000 0.000000 0
118 117 1 0.000000 0.000000 0.000000 0.000000 0.000000 0.000000 0.000000 0.000000 0.000000 0.000000 0.000000 0.000000 0
119 118 1 0.000000 0.000000 0.000000 0.000000 0.000000 0.000000 0.000000 0.000000 0.000000 0.000000 0.000000 0.000000 0
120 119 1 0.000000 0.000000 0.000000 0.000000 0.000000 0.000000 0.000000 0.000000 0.000000 0.000000 0.000000 0.000000 0
121 120 1 0.000000 0.000000 0.000000 0.000000 0.000000 0.000000 0.000000 0.000000 0.000000 0.000000 0.000000 0.000000 0
122 121 1 0.000000 0.000000 0.000000 0.000000 0.000000 0.000000 0.000000 0.000000 0.000000 0.000000 0.000000 0.000000 0
123 122 1 0.000000 0.000000 0.000000 0.000000 0.000000 0.000000 0.000000 0.000000 0.000000 0.000000 0.000000 0.000000 0
124 123 1 0.000000 0.000000 0.000000 0.000000 0.000000 0.000000 0.000000 0.000000 0.000000 0.000000 0.000000 0.000000 0
125 124 1 0.000000 0.000000 0.000000 0.000000 0.000000 0.000000 0.000000 0.000000 0.000000 0.000000 0.000000 0.000000 0
126 125 1 0.000000 0.000000 0.000000 0.000000 0.000000 0.000000 0.000000 0.000000 0.000000 0.000000 0.000000 0.000000 0
127 126 1 0.000000 0.000000 0.000000 0.000000 0.000000 0.000000 0.000000 0.000000 0.000000 0.000000 0.000000 0.000000 0
128 127 1 0.000000 0.000000 0.000000 0.000000 0.000000 0.000000 0.000000 0.000000 0.000000 0.000000 0.000000 0.000000 0
129 128 1 0.000000 0.000000 0.000000 0.000000 0.000000 0.000000 0.000000 0.000000 0.000000 0.000000 0.000000 0.000000 0
130 129 1 0.000000 0.000000 0.000000 0.000000 0.000000 0.000000 0.000000 0.000000 0.000000 0.000000 0.000000 0.000000 0
131 130 1 0.000000 0.000000 0.000000 0.000000 0.000000 0.000000 0.000000 0.000000 0.000000 0.000000 0.000000 0.000000 0
132 131 1 0.000000 0.000000 0.000000 0.000000 0.000000 0.000000 0.000000 0.000000 0.000000 0.000000 0.000000 0.000000 0
133 132 1 0.000000 0.000000 0.000000 0.000000 0.000000 0.000000 0.000000 0.000000 0.000000 0.000000 0.000000 0.000000 0
102 133 1 0.000000 0.000000 0.000000 0.000000 0.000000 0.000000 0.000000 0.000000 0.000000 0.000000 0.000000 0.000000 0
135 134 1 0.800000 0.800000 0.800000 0.800000 0.800000 0.800000 0.200000 0.200000 0.200000 0.200000 0.200000 0.200000 0
136 135 1 0.800000 0.800000 0.800000 0.800000 0.800000 0.800000 0.200000 0.200000 0.200000 0.200000 0.200000 0.200000 0
137 136 1 0.800000 0.800000 0.800000 0.800000 0.800000 0.800000 0.200000 0.200000 0.200000 0.200000 0.200000 0.200000 0
138 137 1 0.800000 0.800000 0.800000 0.800000 0.800000 0.800000 0.200000 0.200000 0.200000 0.200000 0.200000 0.200000 0
139 138 1 0.800000 0.800000 0.800000 0.800000 0.800000 0.800000 0.200000 0.200000 0.200000 0.200000 0.200000 0.200000 0
140 139 1 0.800000 0.800000 0.800000 0.800000 0.800000 0.800000 0.200000 0.200000 0.200000 0.200000 0.200000 0.200000 0
141 140 1 0.800000 0.800000 0.800000 0.800000 0.800000 0.800000 0.200000 0.200000 0.200000 0.200000 0.200000 0.200000 0
142 141 1 0.800000 0.800000 0.800000 0.800000 0.800000 0.800000 0.500000 0.500000 0.500000 0.500000 0.500000 0.500000 0
143 142 1 0.800000 0.800000 0.800000 0.800000 0.800000 0.800000 0.500000 0.500000 0.500000 0.500000 0.500000 0.500000 0
144 143 1 0.800000 0.800000 0.800000 0.800000 0.800000 0.800000 0.500000 0.500000 0.500000 0.500000 0.500000 0.500000 0
145 144 1 0.800000 0.800000 0.800000 0.800000 0.800000 0.800000 0.500000 0.500000 0.500000 0.500000 0.500000 0.500000 0
146 145 1 0.800000 0.800000 0.800000 0.800000 0.800000 0.800000 0.500000 0.500000 0.500000 0.500000 0.500000 0.500000 0
147 146 1 0.800000 0.800000 0.800000 0.800000 0.800000 0.800000 0.500000 0.500000 0.500000 0.500000 0.500000 0.500000 0
148 147 1 0.800000 0.800000 0.800000 0.800000 0.800000 0.800000 0.500000 0.500000 0.500000 0.500000 0.500000 0.500000 0
149 148 1 0.800000 0.800000 0.800000 0.800000 0.800000 0.800000 0.500000 0.500000 0.500000 0.500000 0.500000 0.500000 0
150 149 1 0.800000 0.800000 0.800000 0.800000 0.800000 0.800000 0.500000 0.500000 0.500000 0.500000 0.500000 0.500000 0
151 150 1 0.800000 0.800000 0.800000 0.800000 0.800000 0.800000 0.500000 0.500000 0.500000 0.500000 0.500000 0.500000 0
152 151 1 0.800000 0.800000 0.800000 0.800000 0.800000 0.800000 0.500000 0.500000 0.500000 0.500000 0.500000 0.500000 0
153 152 1 0.800000 0.800000 0.800000 0.800000 0.800000 0.800000 0.500000 0.500000 0.500000 0.500000 0.500000 0.500000 0
154 153 1 0.800000 0.800000 0.800000 0.800000 0.800000 0.800000 0.500000 0.500000 0.500000 0.500000 0.500000 0.500000 0
155 154 1 0.800000 0.800000 0.800000 0.800000 0.800000 0.800000 0.500000 0.500000 0.500000 0.500000 0.500000 0.500000 0
156 155 1 0.800000 0.800000 0.800000 0.800000 0.800000 0.800000 0.500000 0.500000 0.500000 0.500000 0.500000 0.500000 0
157 156 1 0.800000 0.800000 0.800000 0.800000 0.800000 0.800000 0.500000 0.500000 0.500000 0.500000 0.500000 0.500000 0
158 157 1 0.800000 0.800000 0.800000 0.800000 0.800000 0.800000 0.500000 0.500000 0.500000 0.500000 0.500000 0.500000 0
159 158 1 0.800000 0.800000 0.800000 0.800000 0.800000 0.800000 0.500000 0.500000 0.500000 0.500000 0.500000 0.500000 0
160 159 1 0.800000 0.800000 0.800000 0.800000 0.800000 0.800000 0.200000 0.200000 0.200000 0.200000 0.200000 0.200000 0
161 160 1 0.800000 0.800000 0.800000 0.800000 0.800000 0.800000 0.200000 0.200000 0.200000 0.200000 0.200000 0.200000 0
162 161 1 0.800000 0.800000 0.800000 0.800000 0.800000 0.800000 0.200000 0.200000 0.200000 0.200000 0.200000 0.200000 0
163 162 1 0.800000 0.800000 0.800000 0.800000 0.800000 0.800000 0.200000 0.200000 0.200000 0.200000 0.200000 0.200000 0
164 163 1 0.800000 0.800000 0.800000 0.800000 0.800000 0.800000 0.200000 0.200000 0.200000 0.200000 0.200000 0.200000 0
165 164 1 0.800000 0.800000 0.800000 0.800000 0.800000 0.800000 0.200000 0.200000 0.200000 0.200000 0.200000 0.200000 0
134 165 1 0.800000 0.800000 0.800000 0.800000 0.800000 0.800000 0.200000 0.200000 0.200000 0.200000 0.200000 0.200000 0
167 166 1 0.000000 0.000000 0.000000 0.000000 0.000000 0.000000 0.500000 0.500000 0.500000 0.500000 0.500000 0.500000 0
168 167 1 0.000000 0.000000 0.000000 0.000000 0.000000 0.000000 0.500000 0.500000 0.500000 0.500000 0.500000 0.500000 0
169 168 1 0.000000 0.000000 0.000000 0.000000 0.000000 0.000000 0.500000 0.500000 0.500000 0.500000 0.500000 0.500000 0
170 169 1 0.000000 0.000000 0.000000 0.000000 0.000000 0.000000 0.500000 0.500000 0.500000 0.500000 0.500000 0.500000 0
171 170 1 0.000000 0.000000 0.000000 0.000000 0.000000 0.000000 0.500000 0.500000 0.500000 0.500000 0.500000 0.500000 0
172 171 1 0.000000 0.000000 0.000000 0.000000 0.000000 0.000000 0.500000 0.500000 0.500000 0.500000 0.500000 0.500000 0
173 172 1 0.000000 0.000000 0.000000 0.000000 0.000000 0.000000 0.500000 0.500000 0.500000 0.500000 0.500000 0.500000 0
174 173 1 0.000000 0.000000 0.000000 0.000000 0.000000 0.000000 0.500000 0.500000 0.500000 0.500000 0.500000 0.500000 0
175 174 1 0.000000 0.000000 0.000000 0.000000 0.000000 0.000000 0.500000 0.500000 0.500000 0.500000 0.500000 0.500000 0
176 175 1 0.000000 0.000000 0.000000 0.000000 0.000000 0.000000 0.500000 0.500000 0.500000 0.500000 0.500000 0.500000 0
177 176 1 0.000000 0.000000 0.000000 0.000000 0.000000 0.000000 0.200000 0.200000 0.200000 0.200000 0.200000 0.200000 0
178 177 1 0.000000 0.000000 0.000000 0.000000 0.000000 0.000000 0.200000 0.200000 0.200000 0.200000 0.200000 0.200000 0
179 178 1 0.000000 0.000000 0.000000 0.000000 0.000000 0.000000 0.200000 0.200000 0.200000 0.200000 0.200000 0.200000 0
180 179 1 0.000000 0.000000 0.000000 0.000000 0.000000 0.000000 0.200000 0.200000 0.200000 0.200000 0.200000 0.200000 0
181 180 1 0.000000 0.000000 0.000000 0.000000 0.000000 0.000000 0.200000 0.200000 0.200000 0.200000 0.200000 0.200000 0
182 181 1 0.000000 0.000000 0.000000 0.000000 0.000000 0.000000 0.200000 0.200000 0.200000 0.200000 0.200000 0.200000 0
183 182 1 0.000000 0.000000 0.000000 0.000000 0.000000 0.000000 0.200000 0.200000 0.200000 0.200000 0.200000 0.200000 0
184 183 1 0.000000 0.000000 0.000000 0.000000 0.000000 0.000000 0.200000 0.200000 0.200000 0.200000 0.200000 0.200000 0
185 184 1 0.000000 0.000000 0.000000 0.000000 0.000000 0.000000 0.200000 0.200000 0.200000 0.200000 0.200000 0.200000 0
186 185 1 0.000000 0.000000 0.000000 0.000000 0.000000 0.000000 0.200000 0.200000 0.200000 0.200000 0.200000 0.200000 0
187 186 1 0.000000 0.000000 0.000000 0.000000 0.000000 0.000000 0.200000 0.200000 0.200000 0.200000 0.200000 0.200000 0
188 187 1 0.000000 0.000000 0.000000 0.000000 0.000000 0.000000 0.200000 0.200000 0.200000 0.200000 0.200000 0.200000 0
189 188 1 0.000000 0.000000 0.000000 0.000000 0.000000 0.000000 0.500000 0.500000 0.500000 0.500000 0.500000 0.500000 0
190 189 1 0.000000 0.000000 0.000000 0.000000 0.000000 0.000000 0.500000 0.500000 0.500000 0.500000 0.500000 0.500000 0
191 190 1 0.000000 0.000000 0.000000 0.000000 0.000000 0.000000 0.500000 0.500000 0.500000 0.500000 0.500000 0.500000 0
192 191 1 0.000000 0.000000 0.000000 0.000000 0.000000 0.000000 0.500000 0.500000 0.500000 0.500000 0.500000 0.500000 0
193 192 1 0.000000 0.000000 0.000000 0.000000 0.000000 0.000000 0.500000 0.500000 0.500000 0.500000 0.500000 0.500000 0
194 193 1 0.000000 0.000000 0.000000 0.000000 0.000000 0.000000 0.500000 0.500000 0.500000 0.500000 0.500000 0.500000 0
195 194 1 0.000000 0.000000 0.000000 0.000000 0.000000 0.000000 0.500000 0.500000 0.500000 0.500000 0.500000 0.500000 0
196 195 1 0.000000 0.000000 0.000000 0.000000 0.000000 0.000000 0.500000 0.500000 0.500000 0.500000 0.500000 0.500000 0
197 196 1 0.000000 0.000000 0.000000 0.000000 0.000000 0.000000 0.500000 0.500000 0.500000 0.500000 0.500000 0.500000 0
166 197 1 0.000000 0.000000 0.000000 0.000000 0.000000 0.000000 0.500000 0.500000 0.500000 0.500000 0.500000 0.500000 0
48 198 1 0.000000 0.000000 0.000000 0.000000 0.000000 0.000000 0.400000 0.400000 0.400000 0.400000 0.400000 0.400000 0
198 199 1 0.000000 0.000000 0.000000 0.000000 0.000000 0.000000 0.400000 0.400000 0.400000 0.400000 0.400000 0.400000 0
199 200 1 0.000000 0.000000 0.000000 0.000000 0.000000 0.000000 0.400000 0.400000 0.400000 0.400000 0.400000 0.400000 0
200 201 1 0.000000 0.000000 0.000000 0.000000 0.000000 0.000000 0.400000 0.400000 0.400000 0.400000 0.400000 0.400000 0
201 202 1 0.000000 0.000000 0.000000 0.000000 0.000000 0.000000 0.400000 0.400000 0.400000 0.400000 0.400000 0.400000 0
202 203 1 0.000000 0.000000 0.000000 0.000000 0.000000 0.000000 0.400000 0.400000 0.400000 0.400000 0.400000 0.400000 0
203 204 1 0.000000 0.000000 0.000000 0.000000 0.000000 0.000000 0.400000 0.400000 0.400000 0.400000 0.400000 0.400000 0
204 205 1 0.000000 0.000000 0.000000 0.000000 0.000000 0.000000 0.400000 0.400000 0.400000 0.400000 0.400000 0.400000 0
206 51 1 0.000000 0.000000 0.000000 0.000000 0.000000 0.000000 0.400000 0.400000 0.400000 0.400000 0.400000 0.400000 0
207 206 1 0.000000 0.000000 0.000000 0.000000 0.000000 0.000000 0.400000 0.400000 0.400000 0.400000 0.400000 0.400000 0
208 207 1 0.000000 0.000000 0.000000 0.000000 0.000000 0.000000 0.400000 0.400000 0.400000 0.400000 0.400000 0.400000 0
209 208 1 0.000000 0.000000 0.000000 0.000000 0.000000 0.000000 0.400000 0.400000 0.400000 0.400000 0.400000 0.400000 0
210 209 1 0.000000 0.000000 0.000000 0.000000 0.000000 0.000000 0.400000 0.400000 0.400000 0.400000 0.400000 0.400000 0
211 210 1 0.000000 0.000000 0.000000 0.000000 0.000000 0.000000 0.400000 0.400000 0.400000 0.400000 0.400000 0.400000 0
212 211 1 0.000000 0.000000 0.000000 0.000000 0.000000 0.000000 0.400000 0.400000 0.400000 0.400000 0.400000 0.400000 0
213 212 1 0.000000 0.000000 0.000000 0.000000 0.000000 0.000000 0.400000 0.400000 0.400000 0.400000 0.400000 0.400000 0
214 0 0 0.000000 0.000000 0.000000 0.000000 0.000000 0.000000 0.000000 0.000000 0.000000 0.000000 0.000000 0.000000 0
215 214 0 0.000000 0.000000 0.000000 0.000000 0.000000 0.000000 0.000000 0.000000 0.000000 0.000000 0.000000 0.000000 0
216 215 0 0.400000 0.400000 0.400000 0.400000 0.400000 0.400000 0.000000 0.000000 0.000000 0.000000 0.000000 0.000000 0
217 216 0 0.400000 0.400000 0.400000 0.400000 0.400000 0.400000 0.000000 0.000000 0.000000 0.000000 0.000000 0.000000 0
218 217 0 0.400000 0.400000 0.400000 0.400000 0.400000 0.400000 0.000000 0.000000 0.000000 0.000000 0.000000 0.000000 0
219 218 0 0.400000 0.400000 0.400000 0.400000 0.400000 0.400000 0.000000 0.000000 0.000000 0.000000 0.000000 0.000000 0
220 219 0 0.400000 0.400000 0.400000 0.400000 0.400000 0.400000 0.000000 0.000000 0.000000 0.000000 0.000000 0.000000 0
221 220 0 0.000000 0.000000 0.000000 0.000000 0.000000 0.000000 0.000000 0.000000 0.000000 0.000000 0.000000 0.000000 0
222 221 0 0.000000 0.000000 0.000000 0.000000 0.000000 0.000000 0.000000 0.000000 0.000000 0.000000 0.000000 0.000000 0
223 222 0 0.000000 0.000000 0.000000 0.000000 0.000000 0.000000 0.000000 0.000000 0.000000 0.000000 0.000000 0.000000 0
224 223 0 0.000000 0.000000 0.000000 0.000000 0.000000 0.000000 0.000000 0.000000 0.000000 0.000000 0.000000 0.000000 0
225 224 0 0.800000 0.800000 0.800000 0.800000 0.800000 0.800000 0.000000 0.000000 0.000000 0.000000 0.000000 0.000000 0
226 225 0 0.800000 0.800000 0.800000 0.800000 0.800000 0.800000 0.000000 0.000000 0.000000 0.000000 0.000000 0.000000 0
227 226 0 0.800000 0.800000 0.800000 0.800000 0.800000 0.800000 0.000000 0.000000 0.000000 0.000000 0.000000 0.000000 0
228 227 0 0.800000 0.800000 0.800000 0.800000 0.800000 0.800000 0.000000 0.000000 0.000000 0.000000 0.000000 0.000000 0
229 228 0 0.800000 0.800000 0.800000 0.800000 0.800000 0.800000 0.000000 0.000000 0.000000 0.000000 0.000000 0.000000 0
5 230 0 0.000000 0.000000 0.000000 0.000000 0.000000 0.000000 0.000000 0.000000 0.000000 0.000000 0.000000 0.000000 0
230 231 0 0.000000 0.000000 0.000000 0.000000 0.000000 0.000000 0.000000 0.000000 0.000000 0.000000 0.000000 0.000000 0
231 232 0 0.800000 0.800000 0.800000 0.800000 0.800000 0.800000 0.000000 0.000000 0.000000 0.000000 0.000000 0.000000 0
232 233 0 0.800000 0.800000 0.800000 0.800000 0.800000 0.800000 0.000000 0.000000 0.000000 0.000000 0.000000 0.000000 0
233 234 0 0.800000 0.800000 0.800000 0.800000 0.800000 0.800000 0.000000 0.000000 0.000000 0.000000 0.000000 0.000000 0
234 235 0 0.800000 0.800000 0.800000 0.800000 0.800000 0.800000 0.000000 0.000000 0.000000 0.000000 0.000000 0.000000 0
235 236 0 0.800000 0.800000 0.800000 0.800000 0.800000 0.800000 0.000000 0.000000 0.000000 0.000000 0.000000 0.000000 0
236 237 0 0.000000 0.000000 0.000000 0.000000 0.000000 0.000000 0.000000 0.000000 0.000000 0.000000 0.000000 0.000000 0
237 238 0 0.000000 0.000000 0.000000 0.000000 0.000000 0.000000 0.000000 0.000000 0.000000 0.000000 0.000000 0.000000 0
238 239 0 0.000000 0.000000 0.000000 0.000000 0.000000 0.000000 0.000000 0.000000 0.000000 0.000000 0.000000 0.000000 0
239 240 0 0.000000 0.000000 0.000000 0.000000 0.000000 0.000000 0.000000 0.000000 0.000000 0.000000 0.000000 0.000000 0
240 241 0 0.400000 0.400000 0.400000 0.400000 0.400000 0.400000 0.000000 0.000000 0.000000 0.000000 0.000000 0.000000 0
241 242 0 0.400000 0.400000 0.400000 0.400000 0.400000 0.400000 0.000000 0.000000 0.000000 0.000000 0.000000 0.000000 0
242 243 0 0.400000 0.400000 0.400000 0.400000 0.400000 0.400000 0.000000 0.000000 0.000000 0.000000 0.000000 0.000000 0
243 244 0 0.400000 0.400000 0.400000 0.400000 0.400000 0.400000 0.000000 0.000000 0.000000 0.000000 0.000000 0.000000 0
244 245 0 0.400000 0.400000 0.400000 0.400000 0.400000 0.400000 0.000000 0.000000 0.000000 0.000000 0.000000 0.000000 0
246 42 0 0.600000 0.600000 0.600000 0.000000 0.000000 0.000000 0.000000 0.000000 0.000000 0.000000 0.000000 0.000000 0
247 246 0 0.600000 0.600000 0.600000 0.600000 0.600000 0.600000 0.000000 0.000000 0.000000 0.000000 0.000000 0.000000 0
