0 1 0 0.200000 0.200000 0.200000 0.200000 0.200000 0.200000 0.000000 0.000000 0.000000 0.000000 0.000000 0.000000 0
1 2 0 0.200000 0.200000 0.200000 0.200000 0.200000 0.200000 0.000000 0.000000 0.000000 0.000000 0.000000 0.000000 0
2 3 0 0.200000 0.200000 0.200000 0.200000 0.200000 0.200000 0.000000 0.000000 0.000000 0.000000 0.000000 0.000000 0
3 4 0 0.200000 0.200000 0.200000 0.200000 0.200000 0.200000 0.000000 0.000000 0.000000 0.000000 0.000000 0.000000 0
4 5 0 0.200000 0.200000 0.200000 0.200000 0.200000 0.200000 0.000000 0.000000 0.000000 0.000000 0.000000 0.000000 0
5 6 0 0.200000 0.200000 0.200000 0.200000 0.200000 0.200000 0.000000 0.000000 0.000000 0.000000 0.000000 0.000000 0
6 7 0 0.200000 0.200000 0.200000 0.200000 0.200000 0.200000 0.000000 0.000000 0.000000 0.000000 0.000000 0.000000 0
7 8 0 0.200000 0.200000 0.200000 0.400000 0.400000 0.400000 0.000000 0.000000 0.000000 0.000000 0.000000 0.000000 0
8 9 0 0.400000 0.400000 0.400000 0.400000 0.400000 0.400000 0.000000 0.000000 0.000000 0.000000 0.000000 0.000000 0
9 10 0 0.400000 0.400000 0.400000 0.400000 0.400000 0.400000 0.000000 0.000000 0.000000 0.000000 0.000000 0.000000 0
10 11 0 0.400000 0.400000 0.400000 0.400000 0.400000 0.400000 0.000000 0.000000 0.000000 0.000000 0.000000 0.000000 0
11 12 0 0.400000 0.400000 0.400000 0.400000 0.400000 0.400000 0.000000 0.000000 0.000000 0.000000 0.000000 0.000000 0
12 13 0 0.400000 0.400000 0.400000 0.400000 0.400000 0.400000 0.000000 0.000000 0.000000 0.000000 0.000000 0.000000 0
13 14 0 0.400000 0.400000 0.400000 0.400000 0.400000 0.400000 0.000000 0.000000 0.000000 0.000000 0.000000 0.000000 0
14 15 0 0.400000 0.400000 0.400000 0.400000 0.400000 0.400000 0.000000 0.000000 0.000000 0.000000 0.000000 0.000000 0
15 16 0 0.400000 0.400000 0.400000 0.400000 0.400000 0.400000 0.000000 0.000000 0.000000 0.000000 0.000000 0.000000 0
16 17 0 0.400000 0.400000 0.400000 0.400000 0.400000 0.400000 0.000000 0.000000 0.000000 0.000000 0.000000 0.000000 0
17 18 0 0.400000 0.400000 0.400000 0.400000 0.400000 0.400000 0.000000 0.000000 0.000000 0.000000 0.000000 0.000000 0
18 19 0 0.400000 0.400000 0.400000 0.600000 0.600000 0.600000 0.000000 0.000000 0.000000 0.000000 0.000000 0.000000 0
19 20 0 0.600000 0.600000 0.600000 0.600000 0.600000 0.600000 0.000000 0.000000 0.000000 0.000000 0.000000 0.000000 0
20 21 0 0.600000 0.600000 0.600000 0.600000 0.600000 0.600000 0.000000 0.000000 0.000000 0.000000 0.000000 0.000000 0
21 22 0 0.600000 0.600000 0.600000 0.600000 0.600000 0.600000 0.000000 0.000000 0.000000 0.000000 0.000000 0.000000 0
22 23 0 0.600000 0.600000 0.600000 0.600000 0.600000 0.600000 0.000000 0.000000 0.000000 0.000000 0.000000 0.000000 0
23 24 0 0.600000 0.600000 0.600000 0.600000 0.600000 0.600000 0.000000 0.000000 0.000000 0.000000 0.000000 0.000000 0
24 25 0 0.600000 0.600000 0.600000 0.600000 0.600000 0.600000 0.000000 0.000000 0.000000 0.000000 0.000000 0.000000 0
25 26 0 0.600000 0.600000 0.600000 0.600000 0.600000 0.600000 0.000000 0.000000 0.000000 0.000000 0.000000 0.000000 0
26 27 0 0.600000 0.600000 0.600000 0.600000 0.600000 0.600000 0.000000 0.000000 0.000000 0.000000 0.000000 0.000000 0
27 28 0 0.600000 0.600000 0.600000 0.600000 0.600000 0.600000 0.000000 0.000000 0.000000 0.000000 0.000000 0.000000 0
28 29 0 0.600000 0.600000 0.600000 0.600000 0.600000 0.600000 0.000000 0.000000 0.000000 0.000000 0.000000 0.000000 0
29 30 0 0.600000 0.600000 0.600000 0.600000 0.600000 0.600000 0.000000 0.000000 0.000000 0.000000 0.000000 0.000000 0
30 31 0 0.600000 0.600000 0.600000 0.600000 0.600000 0.600000 0.000000 0.000000 0.000000 0.000000 0.000000 0.000000 0
31 32 0 0.600000 0.600000 0.600000 0.600000 0.600000 0.600000 0.000000 0.000000 0.000000 0.000000 0.000000 0.000000 0
32 33 0 0.600000 0.600000 0.600000 0.600000 0.600000 0.600000 0.000000 0.000000 0.000000 0.000000 0.000000 0.000000 0
33 34 0 0.600000 0.600000 0.600000 0.600000 0.600000 0.600000 0.000000 0.000000 0.000000 0.000000 0.000000 0.000000 0
34 35 0 0.600000 0.600000 0.600000 0.600000 0.600000 0.600000 0.000000 0.000000 0.000000 0.000000 0.000000 0.000000 0
35 36 0 0.600000 0.600000 0.600000 0.600000 0.600000 0.600000 0.000000 0.000000 0.000000 0.000000 0.000000 0.000000 0
36 37 0 0.600000 0.600000 0.600000 0.600000 0.600000 0.600000 0.000000 0.000000 0.000000 0.000000 0.000000 0.000000 0
37 38 0 0.600000 0.600000 0.600000 0.600000 0.600000 0.600000 0.000000 0.000000 0.000000 0.000000 0.000000 0.000000 0
38 39 0 0.600000 0.600000 0.600000 0.600000 0.600000 0.600000 0.000000 0.000000 0.000000 0.000000 0.000000 0.000000 0
39 40 0 0.600000 0.600000 0.600000 0.600000 0.600000 0.600000 0.000000 0.000000 0.000000 0.000000 0.000000 0.000000 0
40 41 0 0.600000 0.600000 0.600000 0.600000 0.600000 0.600000 0.000000 0.000000 0.000000 0.000000 0.000000 0.000000 0
41 42 0 0.600000 0.600000 0.600000 0.600000 0.600000 0.600000 0.000000 0.000000 0.000000 0.000000 0.000000 0.000000 0
42 43 0 0.600000 0.600000 0.600000 0.600000 0.600000 0.600000 0.000000 0.000000 0.000000 0.000000 0.000000 0.000000 0
43 44 0 0.600000 0.600000 0.600000 0.600000 0.600000 0.600000 0.000000 0.000000 0.000000 0.000000 0.000000 0.000000 0
44 45 0 0.600000 0.600000 0.600000 0.600000 0.600000 0.600000 0.000000 0.000000 0.000000 0.000000 0.000000 0.000000 0
45 46 0 0.600000 0.600000 0.600000 0.600000 0.600000 0.600000 0.000000 0.000000 0.000000 0.000000 0.000000 0.000000 0
46 47 0 0.600000 0.600000 0.600000 0.600000 0.600000 0.600000 0.000000 0.000000 0.000000 0.000000 0.000000 0.000000 0
47 48 0 0.600000 0.600000 0.600000 0.600000 0.600000 0.600000 0.000000 0.000000 0.000000 0.000000 0.000000 0.000000 0
48 49 0 0.600000 0.600000 0.600000 0.600000 0.600000 0.600000 0.000000 0.000000 0.000000 0.000000 0.000000 0.000000 0
49 50 0 0.600000 0.600000 0.600000 0.600000 0.600000 0.600000 0.000000 0.000000 0.000000 0.000000 0.000000 0.000000 0
50 51 0 0.600000 0.600000 0.600000 0.600000 0.600000 0.600000 0.000000 0.000000 0.000000 0.000000 0.000000 0.000000 0
51 52 0 0.600000 0.600000 0.600000 0.600000 0.600000 0.600000 0.000000 0.000000 0.000000 0.000000 0.000000 0.000000 0
52 53 0 0.600000 0.600000 0.600000 0.600000 0.600000 0.600000 0.000000 0.000000 0.000000 0.000000 0.000000 0.000000 0
53 54 0 0.600000 0.600000 0.600000 0.600000 0.600000 0.600000 0.000000 0.000000 0.000000 0.000000 0.000000 0.000000 0
54 55 0 0.600000 0.600000 0.600000 0.600000 0.600000 0.600000 0.000000 0.000000 0.000000 0.000000 0.000000 0.000000 0
55 56 0 0.600000 0.600000 0.600000 0.600000 0.600000 0.600000 0.000000 0.000000 0.000000 0.000000 0.000000 0.000000 0
56 57 0 0.600000 0.600000 0.600000 0.600000 0.600000 0.600000 0.000000 0.000000 0.000000 0.000000 0.000000 0.000000 0
57 58 0 0.600000 0.600000 0.600000 0.600000 0.600000 0.600000 0.000000 0.000000 0.000000 0.000000 0.000000 0.000000 0
58 59 0 0.600000 0.600000 0.600000 0.600000 0.600000 0.600000 0.000000 0.000000 0.000000 0.000000 0.000000 0.000000 0
59 60 0 0.600000 0.600000 0.600000 0.600000 0.600000 0.600000 0.000000 0.000000 0.000000 0.000000 0.000000 0.000000 0
60 61 0 0.600000 0.600000 0.600000 0.600000 0.600000 0.600000 0.000000 0.000000 0.000000 0.000000 0.000000 0.000000 0
61 62 0 0.600000 0.600000 0.600000 0.600000 0.600000 0.600000 0.000000 0.000000 0.000000 0.000000 0.000000 0.000000 0
62 63 0 0.600000 0.600000 0.600000 0.600000 0.600000 0.600000 0.000000 0.000000 0.000000 0.000000 0.000000 0.000000 0
63 64 0 0.600000 0.600000 0.600000 0.600000 0.600000 0.600000 0.000000 0.000000 0.000000 0.000000 0.000000 0.000000 0
64 65 0 0.600000 0.600000 0.600000 0.600000 0.600000 0.600000 0.000000 0.000000 0.000000 0.000000 0.000000 0.000000 0
65 66 0 0.600000 0.600000 0.600000 0.600000 0.600000 0.600000 0.000000 0.000000 0.000000 0.000000 0.000000 0.000000 0
66 67 0 0.600000 0.600000 0.600000 0.600000 0.600000 0.600000 0.000000 0.000000 0.000000 0.000000 0.000000 0.000000 0
67 68 0 0.600000 0.600000 0.600000 0.600000 0.600000 0.600000 0.000000 0.000000 0.000000 0.000000 0.000000 0.000000 0
68 69 0 0.600000 0.600000 0.600000 0.600000 0.600000 0.600000 0.000000 0.000000 0.000000 0.000000 0.000000 0.000000 0
69 70 0 0.600000 0.600000 0.600000 0.600000 0.600000 0.600000 0.000000 0.000000 0.000000 0.000000 0.000000 0.000000 0
70 71 0 0.600000 0.600000 0.600000 0.600000 0.600000 0.600000 0.000000 0.000000 0.000000 0.000000 0.000000 0.000000 0
71 72 0 0.600000 0.600000 0.600000 0.600000 0.600000 0.600000 0.000000 0.000000 0.000000 0.000000 0.000000 0.000000 0
72 73 0 0.600000 0.600000 0.600000 0.600000 0.600000 0.600000 0.000000 0.000000 0.000000 0.000000 0.000000 0.000000 0
73 74 0 0.600000 0.600000 0.600000 0.600000 0.600000 0.600000 0.000000 0.000000 0.000000 0.000000 0.000000 0.000000 0
74 75 0 0.600000 0.600000 0.600000 0.600000 0.600000 0.600000 0.000000 0.000000 0.000000 0.000000 0.000000 0.000000 0
75 76 0 0.600000 0.600000 0.600000 0.600000 0.600000 0.600000 0.000000 0.000000 0.000000 0.000000 0.000000 0.000000 0
76 77 0 0.600000 0.600000 0.600000 0.600000 0.600000 0.600000 0.000000 0.000000 0.000000 0.000000 0.000000 0.000000 0
77 78 0 0.600000 0.600000 0.600000 0.600000 0.600000 0.600000 0.000000 0.000000 0.000000 0.000000 0.000000 0.000000 0
78 79 0 0.600000 0.600000 0.600000 0.600000 0.600000 0.600000 0.000000 0.000000 0.000000 0.000000 0.000000 0.000000 0
79 80 0 0.600000 0.600000 0.600000 0.600000 0.600000 0.600000 0.000000 0.000000 0.000000 0.000000 0.000000 0.000000 0
80 81 0 0.600000 0.600000 0.600000 0.600000 0.600000 0.600000 0.000000 0.000000 0.000000 0.000000 0.000000 0.000000 0
81 82 0 0.600000 0.600000 0.600000 0.600000 0.600000 0.600000 0.000000 0.000000 0.000000 0.000000 0.000000 0.000000 0
82 83 0 0.600000 0.600000 0.600000 0.600000 0.600000 0.600000 0.000000 0.000000 0.000000 0.000000 0.000000 0.000000 0
83 84 0 0.600000 0.600000 0.600000 0.600000 0.600000 0.600000 0.000000 0.000000 0.000000 0.000000 0.000000 0.000000 0
84 85 0 0.600000 0.600000 0.600000 0.600000 0.600000 0.600000 0.000000 0.000000 0.000000 0.000000 0.000000 0.000000 0
85 86 0 0.600000 0.600000 0.600000 0.600000 0.600000 0.600000 0.000000 0.000000 0.000000 0.000000 0.000000 0.000000 0
86 87 0 0.600000 0.600000 0.600000 0.600000 0.600000 0.600000 0.000000 0.000000 0.000000 0.000000 0.000000 0.000000 0
87 88 0 0.600000 0.600000 0.600000 0.600000 0.600000 0.600000 0.000000 0.000000 0.000000 0.000000 0.000000 0.000000 0
88 89 0 0.600000 0.600000 0.600000 0.400000 0.400000 0.400000 0.000000 0.000000 0.000000 0.000000 0.000000 0.000000 0
89 90 0 0.400000 0.400000 0.400000 0.400000 0.400000 0.400000 0.000000 0.000000 0.000000 0.000000 0.000000 0.000000 0
90 91 0 0.400000 0.400000 0.400000 0.400000 0.400000 0.400000 0.000000 0.000000 0.000000 0.000000 0.000000 0.000000 0
91 92 0 0.400000 0.400000 0.400000 0.400000 0.400000 0.400000 0.000000 0.000000 0.000000 0.000000 0.000000 0.000000 0
92 93 0 0.400000 0.400000 0.400000 0.400000 0.400000 0.400000 0.000000 0.000000 0.000000 0.000000 0.000000 0.000000 0
93 94 0 0.400000 0.400000 0.400000 0.400000 0.400000 0.400000 0.000000 0.000000 0.000000 0.000000 0.000000 0.000000 0
94 95 0 0.400000 0.400000 0.400000 0.400000 0.400000 0.400000 0.000000 0.000000 0.000000 0.000000 0.000000 0.000000 0
95 96 0 0.400000 0.400000 0.400000 0.400000 0.400000 0.400000 0.000000 0.000000 0.000000 0.000000 0.000000 0.000000 0
96 97 0 0.400000 0.400000 0.400000 0.400000 0.400000 0.400000 0.000000 0.000000 0.000000 0.000000 0.000000 0.000000 0
97 98 0 0.400000 0.400000 0.400000 0.400000 0.400000 0.400000 0.000000 0.000000 0.000000 0.000000 0.000000 0.000000 0
98 99 0 0.400000 0.400000 0.400000 0.400000 0.400000 0.400000 0.000000 0.000000 0.000000 0.000000 0.000000 0.000000 0
99 100 0 0.400000 0.400000 0.400000 0.400000 0.400000 0.400000 0.000000 0.000000 0.000000 0.000000 0.000000 0.000000 0
100 101 0 0.400000 0.400000 0.400000 0.400000 0.400000 0.400000 0.000000 0.000000 0.000000 0.000000 0.000000 0.000000 0
101 102 0 0.400000 0.400000 0.400000 0.400000 0.400000 0.400000 0.000000 0.000000 0.000000 0.000000 0.000000 0.000000 0
102 103 0 0.400000 0.400000 0.400000 0.400000 0.400000 0.400000 0.000000 0.000000 0.000000 0.000000 0.000000 0.000000 0
103 104 0 0.400000 0.400000 0.400000 0.200000 0.200000 0.200000 0.000000 0.000000 0.000000 0.000000 0.000000 0.000000 0
104 105 0 0.200000 0.200000 0.200000 0.200000 0.200000 0.200000 0.000000 0.000000 0.000000 0.000000 0.000000 0.000000 0
105 106 0 0.200000 0.200000 0.200000 0.200000 0.200000 0.200000 0.000000 0.000000 0.000000 0.000000 0.000000 0.000000 0
106 107 0 0.200000 0.200000 0.200000 0.200000 0.200000 0.200000 0.000000 0.000000 0.000000 0.000000 0.000000 0.000000 0
107 108 0 0.200000 0.200000 0.200000 0.200000 0.200000 0.200000 0.000000 0.000000 0.000000 0.000000 0.000000 0.000000 0
108 109 0 0.200000 0.200000 0.200000 0.200000 0.200000 0.200000 0.000000 0.000000 0.000000 0.000000 0.000000 0.000000 0
109 110 0 0.200000 0.200000 0.200000 0.200000 0.200000 0.200000 0.000000 0.000000 0.000000 0.000000 0.000000 0.000000 0
110 111 0 0.200000 0.200000 0.200000 0.200000 0.200000 0.200000 0.000000 0.000000 0.000000 0.000000 0.000000 0.000000 0
111 112 0 0.200000 0.200000 0.200000 0.200000 0.200000 0.200000 0.000000 0.000000 0.000000 0.000000 0.000000 0.000000 0
112 113 0 0.200000 0.200000 0.200000 0.200000 0.200000 0.200000 0.000000 0.000000 0.000000 0.000000 0.000000 0.000000 0
113 114 0 0.200000 0.200000 0.200000 0.200000 0.200000 0.200000 0.000000 0.000000 0.000000 0.000000 0.000000 0.000000 0
116 115 0 0.600000 0.600000 0.600000 0.600000 0.600000 0.600000 0.000000 0.000000 0.000000 0.000000 0.000000 0.000000 0
117 116 0 0.600000 0.600000 0.600000 0.600000 0.600000 0.600000 0.000000 0.000000 0.000000 0.000000 0.000000 0.000000 0
118 117 0 0.600000 0.600000 0.600000 0.600000 0.600000 0.600000 0.000000 0.000000 0.000000 0.000000 0.000000 0.000000 0
119 118 0 0.600000 0.600000 0.600000 0.600000 0.600000 0.600000 0.000000 0.000000 0.000000 0.000000 0.000000 0.000000 0
120 119 0 0.600000 0.600000 0.600000 0.600000 0.600000 0.600000 0.000000 0.000000 0.000000 0.000000 0.000000 0.000000 0
121 120 0 0.600000 0.600000 0.600000 0.600000 0.600000 0.600000 0.000000 0.000000 0.000000 0.000000 0.000000 0.000000 0
122 121 0 0.600000 0.600000 0.600000 0.600000 0.600000 0.600000 0.000000 0.000000 0.000000 0.000000 0.000000 0.000000 0
123 122 0 0.600000 0.600000 0.600000 0.600000 0.600000 0.600000 0.000000 0.000000 0.000000 0.000000 0.000000 0.000000 0
124 123 0 0.600000 0.600000 0.600000 0.600000 0.600000 0.600000 0.000000 0.000000 0.000000 0.000000 0.000000 0.000000 0
125 124 0 0.600000 0.600000 0.600000 0.600000 0.600000 0.600000 0.000000 0.000000 0.000000 0.000000 0.000000 0.000000 0
126 125 0 0.600000 0.600000 0.600000 0.600000 0.600000 0.600000 0.000000 0.000000 0.000000 0.000000 0.000000 0.000000 0
127 126 0 0.600000 0.600000 0.600000 0.600000 0.600000 0.600000 0.000000 0.000000 0.000000 0.000000 0.000000 0.000000 0
128 127 0 0.800000 0.800000 0.800000 0.600000 0.600000 0.600000 0.000000 0.000000 0.000000 0.000000 0.000000 0.000000 0
129 128 0 0.800000 0.800000 0.800000 0.800000 0.800000 0.800000 0.000000 0.000000 0.000000 0.000000 0.000000 0.000000 0
130 129 0 0.800000 0.800000 0.800000 0.800000 0.800000 0.800000 0.000000 0.000000 0.000000 0.000000 0.000000 0.000000 0
131 130 0 0.800000 0.800000 0.800000 0.800000 0.800000 0.800000 0.000000 0.000000 0.000000 0.000000 0.000000 0.000000 0
132 131 0 0.800000 0.800000 0.800000 0.800000 0.800000 0.800000 0.000000 0.000000 0.000000 0.000000 0.000000 0.000000 0
133 132 0 0.800000 0.800000 0.800000 0.800000 0.800000 0.800000 0.000000 0.000000 0.000000 0.000000 0.000000 0.000000 0
134 133 0 0.800000 0.800000 0.800000 0.800000 0.800000 0.800000 0.000000 0.000000 0.000000 0.000000 0.000000 0.000000 0
135 134 0 0.800000 0.800000 0.800000 0.800000 0.800000 0.800000 0.000000 0.000000 0.000000 0.000000 0.000000 0.000000 0
136 135 0 0.800000 0.800000 0.800000 0.800000 0.800000 0.800000 0.000000 0.000000 0.000000 0.000000 0.000000 0.000000 0
137 136 0 0.800000 0.800000 0.800000 0.800000 0.800000 0.800000 0.000000 0.000000 0.000000 0.000000 0.000000 0.000000 0
138 137 0 0.800000 0.800000 0.800000 0.800000 0.800000 0.800000 0.000000 0.000000 0.000000 0.000000 0.000000 0.000000 0
139 138 0 0.800000 0.800000 0.800000 0.800000 0.800000 0.800000 0.000000 0.000000 0.000000 0.000000 0.000000 0.000000 0
140 139 0 0.800000 0.800000 0.800000 0.800000 0.800000 0.800000 0.000000 0.000000 0.000000 0.000000 0.000000 0.000000 0
141 140 0 0.800000 0.800000 0.800000 0.800000 0.800000 0.800000 0.000000 0.000000 0.000000 0.000000 0.000000 0.000000 0
142 141 0 0.800000 0.800000 0.800000 0.800000 0.800000 0.800000 0.000000 0.000000 0.000000 0.000000 0.000000 0.000000 0
143 142 0 0.800000 0.800000 0.800000 0.800000 0.800000 0.800000 0.000000 0.000000 0.000000 0.000000 0.000000 0.000000 0
144 143 0 1.000000 1.000000 1.000000 0.800000 0.800000 0.800000 0.000000 0.000000 0.000000 0.000000 0.000000 0.000000 0
145 144 0 1.000000 1.000000 1.000000 1.000000 1.000000 1.000000 0.000000 0.000000 0.000000 0.000000 0.000000 0.000000 0
146 145 0 1.000000 1.000000 1.000000 1.000000 1.000000 1.000000 0.000000 0.000000 0.000000 0.000000 0.000000 0.000000 0
147 146 0 1.000000 1.000000 1.000000 1.000000 1.000000 1.000000 0.000000 0.000000 0.000000 0.000000 0.000000 0.000000 0
148 147 0 1.000000 1.000000 1.000000 1.000000 1.000000 1.000000 0.000000 0.000000 0.000000 0.000000 0.000000 0.000000 0
149 148 0 1.000000 1.000000 1.000000 1.000000 1.000000 1.000000 0.000000 0.000000 0.000000 0.000000 0.000000 0.000000 0
150 149 0 1.000000 1.000000 1.000000 1.000000 1.000000 1.000000 0.000000 0.000000 0.000000 0.000000 0.000000 0.000000 0
151 150 0 1.000000 1.000000 1.000000 1.000000 1.000000 1.000000 0.000000 0.000000 0.000000 0.000000 0.000000 0.000000 0
152 151 0 1.000000 1.000000 1.000000 1.000000 1.000000 1.000000 0.000000 0.000000 0.000000 0.000000 0.000000 0.000000 0
153 152 0 1.000000 1.000000 1.000000 1.000000 1.000000 1.000000 0.000000 0.000000 0.000000 0.000000 0.000000 0.000000 0
154 153 0 1.000000 1.000000 1.000000 1.000000 1.000000 1.000000 0.000000 0.000000 0.000000 0.000000 0.000000 0.000000 0
155 154 0 1.000000 1.000000 1.000000 1.000000 1.000000 1.000000 0.000000 0.000000 0.000000 0.000000 0.000000 0.000000 0
156 155 0 1.000000 1.000000 1.000000 1.000000 1.000000 1.000000 0.000000 0.000000 0.000000 0.000000 0.000000 0.000000 0
157 156 0 1.000000 1.000000 1.000000 1.000000 1.000000 1.000000 0.000000 0.000000 0.000000 0.000000 0.000000 0.000000 0
158 157 0 1.000000 1.000000 1.000000 1.000000 1.000000 1.000000 0.000000 0.000000 0.000000 0.000000 0.000000 0.000000 0
159 158 0 1.000000 1.000000 1.000000 1.000000 1.000000 1.000000 0.000000 0.000000 0.000000 0.000000 0.000000 0.000000 0
160 159 0 1.000000 1.000000 1.000000 1.000000 1.000000 1.000000 0.000000 0.000000 0.000000 0.000000 0.000000 0.000000 0
161 160 0 1.000000 1.000000 1.000000 1.000000 1.000000 1.000000 0.000000 0.000000 0.000000 0.000000 0.000000 0.000000 0
162 161 0 1.000000 1.000000 1.000000 1.000000 1.000000 1.000000 0.000000 0.000000 0.000000 0.000000 0.000000 0.000000 0
163 162 0 1.000000 1.000000 1.000000 1.000000 1.000000 1.000000 0.000000 0.000000 0.000000 0.000000 0.000000 0.000000 0
164 163 0 1.000000 1.000000 1.000000 1.000000 1.000000 1.000000 0.000000 0.000000 0.000000 0.000000 0.000000 0.000000 0
165 164 0 1.000000 1.000000 1.000000 1.000000 1.000000 1.000000 0.000000 0.000000 0.000000 0.000000 0.000000 0.000000 0
166 165 0 1.000000 1.000000 1.000000 1.000000 1.000000 1.000000 0.000000 0.000000 0.000000 0.000000 0.000000 0.000000 0
167 166 0 0.800000 0.800000 0.800000 1.000000 1.000000 1.000000 0.000000 0.000000 0.000000 0.000000 0.000000 0.000000 0
168 167 0 0.800000 0.800000 0.800000 0.800000 0.800000 0.800000 0.000000 0.000000 0.000000 0.000000 0.000000 0.000000 0
169 168 0 0.800000 0.800000 0.800000 0.800000 0.800000 0.800000 0.000000 0.000000 0.000000 0.000000 0.000000 0.000000 0
170 169 0 0.800000 0.800000 0.800000 0.800000 0.800000 0.800000 0.000000 0.000000 0.000000 0.000000 0.000000 0.000000 0
171 170 0 0.800000 0.800000 0.800000 0.800000 0.800000 0.800000 0.000000 0.000000 0.000000 0.000000 0.000000 0.000000 0
172 171 0 0.800000 0.800000 0.800000 0.800000 0.800000 0.800000 0.000000 0.000000 0.000000 0.000000 0.000000 0.000000 0
173 172 0 0.800000 0.800000 0.800000 0.800000 0.800000 0.800000 0.000000 0.000000 0.000000 0.000000 0.000000 0.000000 0
174 173 0 0.800000 0.800000 0.800000 0.800000 0.800000 0.800000 0.000000 0.000000 0.000000 0.000000 0.000000 0.000000 0
175 174 0 0.800000 0.800000 0.800000 0.800000 0.800000 0.800000 0.000000 0.000000 0.000000 0.000000 0.000000 0.000000 0
176 175 0 0.800000 0.800000 0.800000 0.800000 0.800000 0.800000 0.000000 0.000000 0.000000 0.000000 0.000000 0.000000 0
177 176 0 0.800000 0.800000 0.800000 0.800000 0.800000 0.800000 0.000000 0.000000 0.000000 0.000000 0.000000 0.000000 0
178 177 0 0.800000 0.800000 0.800000 0.800000 0.800000 0.800000 0.000000 0.000000 0.000000 0.000000 0.000000 0.000000 0
179 178 0 0.800000 0.800000 0.800000 0.800000 0.800000 0.800000 0.000000 0.000000 0.000000 0.000000 0.000000 0.000000 0
180 179 0 0.800000 0.800000 0.800000 0.800000 0.800000 0.800000 0.000000 0.000000 0.000000 0.000000 0.000000 0.000000 0
181 180 0 0.800000 0.800000 0.800000 0.800000 0.800000 0.800000 0.000000 0.000000 0.000000 0.000000 0.000000 0.000000 0
182 181 0 0.800000 0.800000 0.800000 0.800000 0.800000 0.800000 0.000000 0.000000 0.000000 0.000000 0.000000 0.000000 0
183 182 0 0.800000 0.800000 0.800000 0.800000 0.800000 0.800000 0.000000 0.000000 0.000000 0.000000 0.000000 0.000000 0
184 183 0 0.800000 0.800000 0.800000 0.800000 0.800000 0.800000 0.000000 0.000000 0.000000 0.000000 0.000000 0.000000 0
185 184 0 0.800000 0.800000 0.800000 0.800000 0.800000 0.800000 0.000000 0.000000 0.000000 0.000000 0.000000 0.000000 0
186 185 0 0.800000 0.800000 0.800000 0.800000 0.800000 0.800000 0.000000 0.000000 0.000000 0.000000 0.000000 0.000000 0
187 186 0 0.800000 0.800000 0.800000 0.800000 0.800000 0.800000 0.000000 0.000000 0.000000 0.000000 0.000000 0.000000 0
188 187 0 0.800000 0.800000 0.800000 0.800000 0.800000 0.800000 0.000000 0.000000 0.000000 0.000000 0.000000 0.000000 0
189 188 0 0.800000 0.800000 0.800000 0.800000 0.800000 0.800000 0.000000 0.000000 0.000000 0.000000 0.000000 0.000000 0
190 189 0 0.800000 0.800000 0.800000 0.800000 0.800000 0.800000 0.000000 0.000000 0.000000 0.000000 0.000000 0.000000 0
191 190 0 0.800000 0.800000 0.800000 0.800000 0.800000 0.800000 0.000000 0.000000 0.000000 0.000000 0.000000 0.000000 0
192 191 0 0.800000 0.800000 0.800000 0.800000 0.800000 0.800000 0.000000 0.000000 0.000000 0.000000 0.000000 0.000000 0
193 192 0 0.800000 0.800000 0.800000 0.800000 0.800000 0.800000 0.000000 0.000000 0.000000 0.000000 0.000000 0.000000 0
194 193 0 0.800000 0.800000 0.800000 0.800000 0.800000 0.800000 0.000000 0.000000 0.000000 0.000000 0.000000 0.000000 0
195 194 0 0.800000 0.800000 0.800000 0.800000 0.800000 0.800000 0.000000 0.000000 0.000000 0.000000 0.000000 0.000000 0
196 195 0 0.800000 0.800000 0.800000 0.800000 0.800000 0.800000 0.000000 0.000000 0.000000 0.000000 0.000000 0.000000 0
197 196 0 0.800000 0.800000 0.800000 0.800000 0.800000 0.800000 0.000000 0.000000 0.000000 0.000000 0.000000 0.000000 0
198 197 0 0.800000 0.800000 0.800000 0.800000 0.800000 0.800000 0.000000 0.000000 0.000000 0.000000 0.000000 0.000000 0
199 198 0 0.800000 0.800000 0.800000 0.800000 0.800000 0.800000 0.000000 0.000000 0.000000 0.000000 0.000000 0.000000 0
200 199 0 0.800000 0.800000 0.800000 0.800000 0.800000 0.800000 0.000000 0.000000 0.000000 0.000000 0.000000 0.000000 0
201 200 0 0.800000 0.800000 0.800000 0.800000 0.800000 0.800000 0.000000 0.000000 0.000000 0.000000 0.000000 0.000000 0
202 201 0 0.800000 0.800000 0.800000 0.800000 0.800000 0.800000 0.000000 0.000000 0.000000 0.000000 0.000000 0.000000 0
203 202 0 0.800000 0.800000 0.800000 0.800000 0.800000 0.800000 0.000000 0.000000 0.000000 0.000000 0.000000 0.000000 0
204 203 0 0.800000 0.800000 0.800000 0.800000 0.800000 0.800000 0.000000 0.000000 0.000000 0.000000 0.000000 0.000000 0
205 204 0 0.800000 0.800000 0.800000 0.800000 0.800000 0.800000 0.000000 0.000000 0.000000 0.000000 0.000000 0.000000 0
206 205 0 0.800000 0.800000 0.800000 0.800000 0.800000 0.800000 0.000000 0.000000 0.000000 0.000000 0.000000 0.000000 0
207 206 0 0.800000 0.800000 0.800000 0.800000 0.800000 0.800000 0.000000 0.000000 0.000000 0.000000 0.000000 0.000000 0
208 207 0 0.800000 0.800000 0.800000 0.800000 0.800000 0.800000 0.000000 0.000000 0.000000 0.000000 0.000000 0.000000 0
209 208 0 0.800000 0.800000 0.800000 0.800000 0.800000 0.800000 0.000000 0.000000 0.000000 0.000000 0.000000 0.000000 0
210 209 0 0.800000 0.800000 0.800000 0.800000 0.800000 0.800000 0.000000 0.000000 0.000000 0.000000 0.000000 0.000000 0
211 210 0 0.800000 0.800000 0.800000 0.800000 0.800000 0.800000 0.000000 0.000000 0.000000 0.000000 0.000000 0.000000 0
212 211 0 0.800000 0.800000 0.800000 0.800000 0.800000 0.800000 0.000000 0.000000 0.000000 0.000000 0.000000 0.000000 0
213 212 0 0.800000 0.800000 0.800000 0.800000 0.800000 0.800000 0.000000 0.000000 0.000000 0.000000 0.000000 0.000000 0
214 213 0 0.800000 0.800000 0.800000 0.800000 0.800000 0.800000 0.000000 0.000000 0.000000 0.000000 0.000000 0.000000 0
215 214 0 0.800000 0.800000 0.800000 0.800000 0.800000 0.800000 0.000000 0.000000 0.000000 0.000000 0.000000 0.000000 0
216 215 0 0.800000 0.800000 0.800000 0.800000 0.800000 0.800000 0.000000 0.000000 0.000000 0.000000 0.000000 0.000000 0
217 216 0 0.800000 0.800000 0.800000 0.800000 0.800000 0.800000 0.000000 0.000000 0.000000 0.000000 0.000000 0.000000 0
218 217 0 0.800000 0.800000 0.800000 0.800000 0.800000 0.800000 0.000000 0.000000 0.000000 0.000000 0.000000 0.000000 0
219 218 0 0.800000 0.800000 0.800000 0.800000 0.800000 0.800000 0.000000 0.000000 0.000000 0.000000 0.000000 0.000000 0
220 219 0 0.800000 0.800000 0.800000 0.800000 0.800000 0.800000 0.000000 0.000000 0.000000 0.000000 0.000000 0.000000 0
221 220 0 0.800000 0.800000 0.800000 0.800000 0.800000 0.800000 0.000000 0.000000 0.000000 0.000000 0.000000 0.000000 0
222 221 0 0.800000 0.800000 0.800000 0.800000 0.800000 0.800000 0.000000 0.000000 0.000000 0.000000 0.000000 0.000000 0
223 222 0 0.800000 0.800000 0.800000 0.800000 0.800000 0.800000 0.000000 0.000000 0.000000 0.000000 0.000000 0.000000 0
224 223 0 0.600000 0.600000 0.600000 0.800000 0.800000 0.800000 0.000000 0.000000 0.000000 0.000000 0.000000 0.000000 0
225 224 0 0.600000 0.600000 0.600000 0.600000 0.600000 0.600000 0.000000 0.000000 0.000000 0.000000 0.000000 0.000000 0
226 225 0 0.600000 0.600000 0.600000 0.600000 0.600000 0.600000 0.000000 0.000000 0.000000 0.000000 0.000000 0.000000 0
227 226 0 0.600000 0.600000 0.600000 0.600000 0.600000 0.600000 0.000000 0.000000 0.000000 0.000000 0.000000 0.000000 0
228 227 0 0.600000 0.600000 0.600000 0.600000 0.600000 0.600000 0.000000 0.000000 0.000000 0.000000 0.000000 0.000000 0
229 228 0 0.600000 0.600000 0.600000 0.600000 0.600000 0.600000 0.000000 0.000000 0.000000 0.000000 0.000000 0.000000 0
230 229 0 0.600000 0.600000 0.600000 0.600000 0.600000 0.600000 0.000000 0.000000 0.000000 0.000000 0.000000 0.000000 0
231 230 0 0.600000 0.600000 0.600000 0.600000 0.600000 0.600000 0.000000 0.000000 0.000000 0.000000 0.000000 0.000000 0
232 231 0 0.600000 0.600000 0.600000 0.600000 0.600000 0.600000 0.000000 0.000000 0.000000 0.000000 0.000000 0.000000 0
233 232 0 0.600000 0.600000 0.600000 0.600000 0.600000 0.600000 0.000000 0.000000 0.000000 0.000000 0.000000 0.000000 0
234 233 0 0.600000 0.600000 0.600000 0.600000 0.600000 0.600000 0.000000 0.000000 0.000000 0.000000 0.000000 0.000000 0
235 234 0 0.600000 0.600000 0.600000 0.600000 0.600000 0.600000 0.000000 0.000000 0.000000 0.000000 0.000000 0.000000 0
236 235 0 0.600000 0.600000 0.600000 0.600000 0.600000 0.600000 0.000000 0.000000 0.000000 0.000000 0.000000 0.000000 0
237 236 0 0.600000 0.600000 0.600000 0.600000 0.600000 0.600000 0.000000 0.000000 0.000000 0.000000 0.000000 0.000000 0
238 237 0 0.600000 0.600000 0.600000 0.600000 0.600000 0.600000 0.000000 0.000000 0.000000 0.000000 0.000000 0.000000 0
239 238 0 0.600000 0.600000 0.600000 0.600000 0.600000 0.600000 0.000000 0.000000 0.000000 0.000000 0.000000 0.000000 0
240 239 0 0.400000 0.400000 0.400000 0.600000 0.600000 0.600000 0.000000 0.000000 0.000000 0.000000 0.000000 0.000000 0
241 240 0 0.400000 0.400000 0.400000 0.400000 0.400000 0.400000 0.000000 0.000000 0.000000 0.000000 0.000000 0.000000 0
242 241 0 0.400000 0.400000 0.400000 0.400000 0.400000 0.400000 0.000000 0.000000 0.000000 0.000000 0.000000 0.000000 0
243 242 0 0.400000 0.400000 0.400000 0.400000 0.400000 0.400000 0.000000 0.000000 0.000000 0.000000 0.000000 0.000000 0
244 243 0 0.400000 0.400000 0.400000 0.400000 0.400000 0.400000 0.000000 0.000000 0.000000 0.000000 0.000000 0.000000 0
245 244 0 0.400000 0.400000 0.400000 0.400000 0.400000 0.400000 0.000000 0.000000 0.000000 0.000000 0.000000 0.000000 0
246 245 0 0.400000 0.400000 0.400000 0.400000 0.400000 0.400000 0.000000 0.000000 0.000000 0.000000 0.000000 0.000000 0
247 246 0 0.400000 0.400000 0.400000 0.400000 0.400000 0.400000 0.000000 0.000000 0.000000 0.000000 0.000000 0.000000 0
248 247 0 0.400000 0.400000 0.400000 0.400000 0.400000 0.400000 0.000000 0.000000 0.000000 0.000000 0.000000 0.000000 0
249 248 0 0.400000 0.400000 0.400000 0.400000 0.400000 0.400000 0.000000 0.000000 0.000000 0.000000 0.000000 0.000000 0
250 249 0 0.400000 0.400000 0.400000 0.400000 0.400000 0.400000 0.000000 0.000000 0.000000 0.000000 0.000000 0.000000 0
251 250 0 0.400000 0.400000 0.400000 0.400000 0.400000 0.400000 0.000000 0.000000 0.000000 0.000000 0.000000 0.000000 0
252 251 0 0.400000 0.400000 0.400000 0.400000 0.400000 0.400000 0.000000 0.000000 0.000000 0.000000 0.000000 0.000000 0
253 252 0 0.400000 0.400000 0.400000 0.400000 0.400000 0.400000 0.000000 0.000000 0.000000 0.000000 0.000000 0.000000 0
255 254 0 0.400000 0.400000 0.400000 0.400000 0.400000 0.400000 0.000000 0.000000 0.000000 0.000000 0.000000 0.000000 0
256 255 0 0.400000 0.400000 0.400000 0.400000 0.400000 0.400000 0.000000 0.000000 0.000000 0.000000 0.000000 0.000000 0
257 256 0 0.400000 0.400000 0.400000 0.400000 0.400000 0.400000 0.000000 0.000000 0.000000 0.000000 0.000000 0.000000 0
258 257 0 0.400000 0.400000 0.400000 0.400000 0.400000 0.400000 0.000000 0.000000 0.000000 0.000000 0.000000 0.000000 0
259 258 0 0.400000 0.400000 0.400000 0.400000 0.400000 0.400000 0.000000 0.000000 0.000000 0.000000 0.000000 0.000000 0
260 259 0 0.600000 0.600000 0.600000 0.400000 0.400000 0.400000 0.000000 0.000000 0.000000 0.000000 0.000000 0.000000 0
115 260 0 0.600000 0.600000 0.600000 0.600000 0.600000 0.600000 0.000000 0.000000 0.000000 0.000000 0.000000 0.000000 0
262 261 0 0.400000 0.400000 0.400000 0.400000 0.400000 0.400000 0.000000 0.000000 0.000000 0.000000 0.000000 0.000000 0
263 262 0 0.400000 0.400000 0.400000 0.400000 0.400000 0.400000 0.000000 0.000000 0.000000 0.000000 0.000000 0.000000 0
264 263 0 0.400000 0.400000 0.400000 0.400000 0.400000 0.400000 0.000000 0.000000 0.000000 0.000000 0.000000 0.000000 0
265 264 0 0.400000 0.400000 0.400000 0.400000 0.400000 0.400000 0.000000 0.000000 0.000000 0.000000 0.000000 0.000000 0
266 265 0 0.400000 0.400000 0.400000 0.400000 0.400000 0.400000 0.000000 0.000000 0.000000 0.000000 0.000000 0.000000 0
267 266 0 0.400000 0.400000 0.400000 0.400000 0.400000 0.400000 0.000000 0.000000 0.000000 0.000000 0.000000 0.000000 0
268 267 0 0.400000 0.400000 0.400000 0.400000 0.400000 0.400000 0.000000 0.000000 0.000000 0.000000 0.000000 0.000000 0
269 268 0 0.400000 0.400000 0.400000 0.400000 0.400000 0.400000 0.000000 0.000000 0.000000 0.000000 0.000000 0.000000 0
270 269 0 0.400000 0.400000 0.400000 0.400000 0.400000 0.400000 0.000000 0.000000 0.000000 0.000000 0.000000 0.000000 0
271 270 0 0.400000 0.400000 0.400000 0.400000 0.400000 0.400000 0.000000 0.000000 0.000000 0.000000 0.000000 0.000000 0
272 271 0 0.400000 0.400000 0.400000 0.400000 0.400000 0.400000 0.000000 0.000000 0.000000 0.000000 0.000000 0.000000 0
273 272 0 0.300000 0.300000 0.300000 0.400000 0.400000 0.400000 0.000000 0.000000 0.000000 0.000000 0.000000 0.000000 0
274 273 0 0.300000 0.300000 0.300000 0.300000 0.300000 0.300000 0.000000 0.000000 0.000000 0.000000 0.000000 0.000000 0
275 274 0 0.300000 0.300000 0.300000 0.300000 0.300000 0.300000 0.000000 0.000000 0.000000 0.000000 0.000000 0.000000 0
276 275 0 0.300000 0.300000 0.300000 0.300000 0.300000 0.300000 0.000000 0.000000 0.000000 0.000000 0.000000 0.000000 0
277 276 0 0.300000 0.300000 0.300000 0.300000 0.300000 0.300000 0.000000 0.000000 0.000000 0.000000 0.000000 0.000000 0
278 277 0 0.300000 0.300000 0.300000 0.300000 0.300000 0.300000 0.000000 0.000000 0.000000 0.000000 0.000000 0.000000 0
279 278 0 0.300000 0.300000 0.300000 0.300000 0.300000 0.300000 0.000000 0.000000 0.000000 0.000000 0.000000 0.000000 0
280 279 0 0.300000 0.300000 0.300000 0.300000 0.300000 0.300000 0.000000 0.000000 0.000000 0.000000 0.000000 0.000000 0
281 280 0 0.300000 0.300000 0.300000 0.300000 0.300000 0.300000 0.000000 0.000000 0.000000 0.000000 0.000000 0.000000 0
282 281 0 0.300000 0.300000 0.300000 0.300000 0.300000 0.300000 0.000000 0.000000 0.000000 0.000000 0.000000 0.000000 0
283 282 0 0.300000 0.300000 0.300000 0.300000 0.300000 0.300000 0.000000 0.000000 0.000000 0.000000 0.000000 0.000000 0
284 283 0 0.300000 0.300000 0.300000 0.300000 0.300000 0.300000 0.000000 0.000000 0.000000 0.000000 0.000000 0.000000 0
285 284 0 0.300000 0.300000 0.300000 0.300000 0.300000 0.300000 0.000000 0.000000 0.000000 0.000000 0.000000 0.000000 0
286 285 0 0.300000 0.300000 0.300000 0.300000 0.300000 0.300000 0.000000 0.000000 0.000000 0.000000 0.000000 0.000000 0
287 286 0 0.300000 0.300000 0.300000 0.300000 0.300000 0.300000 0.000000 0.000000 0.000000 0.000000 0.000000 0.000000 0
288 287 0 0.300000 0.300000 0.300000 0.300000 0.300000 0.300000 0.000000 0.000000 0.000000 0.000000 0.000000 0.000000 0
289 288 0 0.300000 0.300000 0.300000 0.300000 0.300000 0.300000 0.000000 0.000000 0.000000 0.000000 0.000000 0.000000 0
290 289 0 0.300000 0.300000 0.300000 0.300000 0.300000 0.300000 0.000000 0.000000 0.000000 0.000000 0.000000 0.000000 0
291 290 0 0.300000 0.300000 0.300000 0.300000 0.300000 0.300000 0.000000 0.000000 0.000000 0.000000 0.000000 0.000000 0
292 291 0 0.300000 0.300000 0.300000 0.300000 0.300000 0.300000 0.000000 0.000000 0.000000 0.000000 0.000000 0.000000 0
293 292 0 0.300000 0.300000 0.300000 0.300000 0.300000 0.300000 0.000000 0.000000 0.000000 0.000000 0.000000 0.000000 0
294 293 0 0.300000 0.300000 0.300000 0.300000 0.300000 0.300000 0.000000 0.000000 0.000000 0.000000 0.000000 0.000000 0
295 294 0 0.300000 0.300000 0.300000 0.300000 0.300000 0.300000 0.000000 0.000000 0.000000 0.000000 0.000000 0.000000 0
296 295 0 0.300000 0.300000 0.300000 0.300000 0.300000 0.300000 0.000000 0.000000 0.000000 0.000000 0.000000 0.000000 0
297 296 0 0.300000 0.300000 0.300000 0.300000 0.300000 0.300000 0.000000 0.000000 0.000000 0.000000 0.000000 0.000000 0
298 297 0 0.300000 0.300000 0.300000 0.300000 0.300000 0.300000 0.000000 0.000000 0.000000 0.000000 0.000000 0.000000 0
299 298 0 0.300000 0.300000 0.300000 0.300000 0.300000 0.300000 0.000000 0.000000 0.000000 0.000000 0.000000 0.000000 0
300 299 0 0.300000 0.300000 0.300000 0.300000 0.300000 0.300000 0.000000 0.000000 0.000000 0.000000 0.000000 0.000000 0
301 300 0 0.300000 0.300000 0.300000 0.300000 0.300000 0.300000 0.000000 0.000000 0.000000 0.000000 0.000000 0.000000 0
302 301 0 0.200000 0.200000 0.200000 0.300000 0.300000 0.300000 0.000000 0.000000 0.000000 0.000000 0.000000 0.000000 0
303 302 0 0.200000 0.200000 0.200000 0.200000 0.200000 0.200000 0.000000 0.000000 0.000000 0.000000 0.000000 0.000000 0
304 303 0 0.200000 0.200000 0.200000 0.200000 0.200000 0.200000 0.000000 0.000000 0.000000 0.000000 0.000000 0.000000 0
305 304 0 0.200000 0.200000 0.200000 0.200000 0.200000 0.200000 0.000000 0.000000 0.000000 0.000000 0.000000 0.000000 0
306 305 0 0.200000 0.200000 0.200000 0.200000 0.200000 0.200000 0.000000 0.000000 0.000000 0.000000 0.000000 0.000000 0
307 306 0 0.200000 0.200000 0.200000 0.200000 0.200000 0.200000 0.000000 0.000000 0.000000 0.000000 0.000000 0.000000 0
308 307 0 0.200000 0.200000 0.200000 0.200000 0.200000 0.200000 0.000000 0.000000 0.000000 0.000000 0.000000 0.000000 0
309 308 0 0.200000 0.200000 0.200000 0.200000 0.200000 0.200000 0.000000 0.000000 0.000000 0.000000 0.000000 0.000000 0
310 309 0 0.200000 0.200000 0.200000 0.200000 0.200000 0.200000 0.000000 0.000000 0.000000 0.000000 0.000000 0.000000 0
311 310 0 0.200000 0.200000 0.200000 0.200000 0.200000 0.200000 0.000000 0.000000 0.000000 0.000000 0.000000 0.000000 0
312 311 0 0.200000 0.200000 0.200000 0.200000 0.200000 0.200000 0.000000 0.000000 0.000000 0.000000 0.000000 0.000000 0
313 312 0 0.200000 0.200000 0.200000 0.200000 0.200000 0.200000 0.000000 0.000000 0.000000 0.000000 0.000000 0.000000 0
314 313 0 0.200000 0.200000 0.200000 0.200000 0.200000 0.200000 0.000000 0.000000 0.000000 0.000000 0.000000 0.000000 0
315 314 0 0.200000 0.200000 0.200000 0.200000 0.200000 0.200000 0.000000 0.000000 0.000000 0.000000 0.000000 0.000000 0
316 315 0 0.200000 0.200000 0.200000 0.200000 0.200000 0.200000 0.000000 0.000000 0.000000 0.000000 0.000000 0.000000 0
317 316 0 0.200000 0.200000 0.200000 0.200000 0.200000 0.200000 0.000000 0.000000 0.000000 0.000000 0.000000 0.000000 0
318 317 0 0.200000 0.200000 0.200000 0.200000 0.200000 0.200000 0.000000 0.000000 0.000000 0.000000 0.000000 0.000000 0
319 318 0 0.200000 0.200000 0.200000 0.200000 0.200000 0.200000 0.000000 0.000000 0.000000 0.000000 0.000000 0.000000 0
320 319 0 0.200000 0.200000 0.200000 0.200000 0.200000 0.200000 0.000000 0.000000 0.000000 0.000000 0.000000 0.000000 0
321 320 0 0.200000 0.200000 0.200000 0.200000 0.200000 0.200000 0.000000 0.000000 0.000000 0.000000 0.000000 0.000000 0
322 321 0 0.200000 0.200000 0.200000 0.200000 0.200000 0.200000 0.000000 0.000000 0.000000 0.000000 0.000000 0.000000 0
323 322 0 0.200000 0.200000 0.200000 0.200000 0.200000 0.200000 0.000000 0.000000 0.000000 0.000000 0.000000 0.000000 0
324 323 0 0.200000 0.200000 0.200000 0.200000 0.200000 0.200000 0.000000 0.000000 0.000000 0.000000 0.000000 0.000000 0
325 324 0 0.200000 0.200000 0.200000 0.200000 0.200000 0.200000 0.000000 0.000000 0.000000 0.000000 0.000000 0.000000 0
326 325 0 0.200000 0.200000 0.200000 0.200000 0.200000 0.200000 0.000000 0.000000 0.000000 0.000000 0.000000 0.000000 0
327 326 0 0.200000 0.200000 0.200000 0.200000 0.200000 0.200000 0.000000 0.000000 0.000000 0.000000 0.000000 0.000000 0
328 327 0 0.200000 0.200000 0.200000 0.200000 0.200000 0.200000 0.000000 0.000000 0.000000 0.000000 0.000000 0.000000 0
329 328 0 0.200000 0.200000 0.200000 0.200000 0.200000 0.200000 0.000000 0.000000 0.000000 0.000000 0.000000 0.000000 0
330 329 0 0.200000 0.200000 0.200000 0.200000 0.200000 0.200000 0.000000 0.000000 0.000000 0.000000 0.000000 0.000000 0
331 330 0 0.200000 0.200000 0.200000 0.200000 0.200000 0.200000 0.000000 0.000000 0.000000 0.000000 0.000000 0.000000 0
332 331 0 0.200000 0.200000 0.200000 0.200000 0.200000 0.200000 0.000000 0.000000 0.000000 0.000000 0.000000 0.000000 0
333 332 0 0.200000 0.200000 0.200000 0.200000 0.200000 0.200000 0.000000 0.000000 0.000000 0.000000 0.000000 0.000000 0
334 333 0 0.200000 0.200000 0.200000 0.200000 0.200000 0.200000 0.000000 0.000000 0.000000 0.000000 0.000000 0.000000 0
335 334 0 0.200000 0.200000 0.200000 0.200000 0.200000 0.200000 0.000000 0.000000 0.000000 0.000000 0.000000 0.000000 0
336 335 0 0.200000 0.200000 0.200000 0.200000 0.200000 0.200000 0.000000 0.000000 0.000000 0.000000 0.000000 0.000000 0
337 336 0 0.200000 0.200000 0.200000 0.200000 0.200000 0.200000 0.000000 0.000000 0.000000 0.000000 0.000000 0.000000 0
338 337 0 0.200000 0.200000 0.200000 0.200000 0.200000 0.200000 0.000000 0.000000 0.000000 0.000000 0.000000 0.000000 0
339 338 0 0.200000 0.200000 0.200000 0.200000 0.200000 0.200000 0.000000 0.000000 0.000000 0.000000 0.000000 0.000000 0
340 339 0 0.200000 0.200000 0.200000 0.200000 0.200000 0.200000 0.000000 0.000000 0.000000 0.000000 0.000000 0.000000 0
341 340 0 0.200000 0.200000 0.200000 0.200000 0.200000 0.200000 0.000000 0.000000 0.000000 0.000000 0.000000 0.000000 0
342 341 0 0.200000 0.200000 0.200000 0.200000 0.200000 0.200000 0.000000 0.000000 0.000000 0.000000 0.000000 0.000000 0
343 342 0 0.200000 0.200000 0.200000 0.200000 0.200000 0.200000 0.000000 0.000000 0.000000 0.000000 0.000000 0.000000 0
344 343 0 0.200000 0.200000 0.200000 0.200000 0.200000 0.200000 0.000000 0.000000 0.000000 0.000000 0.000000 0.000000 0
345 344 0 0.200000 0.200000 0.200000 0.200000 0.200000 0.200000 0.000000 0.000000 0.000000 0.000000 0.000000 0.000000 0
346 345 0 0.200000 0.200000 0.200000 0.200000 0.200000 0.200000 0.000000 0.000000 0.000000 0.000000 0.000000 0.000000 0
347 346 0 0.200000 0.200000 0.200000 0.200000 0.200000 0.200000 0.000000 0.000000 0.000000 0.000000 0.000000 0.000000 0
348 347 1 0.200000 0.200000 0.200000 0.200000 0.200000 0.200000 0.000000 0.000000 0.000000 0.000000 0.000000 0.000000 0
349 348 1 0.000000 0.000000 0.000000 0.000000 0.000000 0.000000 0.000000 0.000000 0.000000 0.000000 0.000000 0.000000 0
350 349 1 0.000000 0.000000 0.000000 0.000000 0.000000 0.000000 0.300000 0.300000 0.300000 0.300000 0.300000 0.300000 0
351 350 1 0.000000 0.000000 0.000000 0.000000 0.000000 0.000000 0.300000 0.300000 0.300000 0.300000 0.300000 0.300000 0
352 351 1 0.000000 0.000000 0.000000 0.000000 0.000000 0.000000 0.300000 0.300000 0.300000 0.300000 0.300000 0.300000 0
353 352 1 0.000000 0.000000 0.000000 0.000000 0.000000 0.000000 0.300000 0.300000 0.300000 0.300000 0.300000 0.300000 0
354 353 1 0.000000 0.000000 0.000000 0.000000 0.000000 0.000000 0.300000 0.300000 0.300000 0.300000 0.300000 0.300000 0
355 354 1 0.000000 0.000000 0.000000 0.000000 0.000000 0.000000 0.300000 0.300000 0.300000 0.300000 0.300000 0.300000 0
356 355 1 0.000000 0.000000 0.000000 0.000000 0.000000 0.000000 0.300000 0.300000 0.300000 0.300000 0.300000 0.300000 0
357 356 1 0.000000 0.000000 0.000000 0.000000 0.000000 0.000000 0.300000 0.300000 0.300000 0.300000 0.300000 0.300000 0
358 357 1 0.000000 0.000000 0.000000 0.000000 0.000000 0.000000 0.300000 0.300000 0.300000 0.300000 0.300000 0.300000 0
359 358 1 0.000000 0.000000 0.000000 0.000000 0.000000 0.000000 0.300000 0.300000 0.300000 0.300000 0.300000 0.300000 0
360 359 1 0.000000 0.000000 0.000000 0.000000 0.000000 0.000000 0.300000 0.300000 0.300000 0.300000 0.300000 0.300000 0
361 360 1 0.000000 0.000000 0.000000 0.000000 0.000000 0.000000 0.300000 0.300000 0.300000 0.300000 0.300000 0.300000 0
362 361 1 0.000000 0.000000 0.000000 0.000000 0.000000 0.000000 0.300000 0.300000 0.300000 0.300000 0.300000 0.300000 0
363 362 1 0.000000 0.000000 0.000000 0.000000 0.000000 0.000000 0.300000 0.300000 0.300000 0.300000 0.300000 0.300000 0
364 363 1 0.000000 0.000000 0.000000 0.000000 0.000000 0.000000 0.300000 0.300000 0.300000 0.300000 0.300000 0.300000 0
365 364 1 0.000000 0.000000 0.000000 0.000000 0.000000 0.000000 0.300000 0.300000 0.300000 0.300000 0.300000 0.300000 0
366 365 1 0.000000 0.000000 0.000000 0.000000 0.000000 0.000000 0.300000 0.300000 0.300000 0.300000 0.300000 0.300000 0
367 366 1 0.000000 0.000000 0.000000 0.000000 0.000000 0.000000 0.300000 0.300000 0.300000 0.300000 0.300000 0.300000 0
368 367 1 0.000000 0.000000 0.000000 0.000000 0.000000 0.000000 0.300000 0.300000 0.300000 0.300000 0.300000 0.300000 0
369 368 1 0.000000 0.000000 0.000000 0.000000 0.000000 0.000000 0.300000 0.300000 0.300000 0.300000 0.300000 0.300000 0
370 369 1 0.000000 0.000000 0.000000 0.000000 0.000000 0.000000 0.300000 0.300000 0.300000 0.300000 0.300000 0.300000 0
371 370 1 0.000000 0.000000 0.000000 0.000000 0.000000 0.000000 0.300000 0.300000 0.300000 0.300000 0.300000 0.300000 0
372 371 1 0.000000 0.000000 0.000000 0.000000 0.000000 0.000000 0.300000 0.300000 0.300000 0.300000 0.300000 0.300000 0
373 372 1 0.000000 0.000000 0.000000 0.000000 0.000000 0.000000 0.300000 0.300000 0.300000 0.300000 0.300000 0.300000 0
374 373 1 0.000000 0.000000 0.000000 0.000000 0.000000 0.000000 0.300000 0.300000 0.300000 0.300000 0.300000 0.300000 0
375 374 1 0.000000 0.000000 0.000000 0.000000 0.000000 0.000000 0.300000 0.300000 0.300000 0.300000 0.300000 0.300000 0
376 375 1 0.000000 0.000000 0.000000 0.000000 0.000000 0.000000 0.300000 0.300000 0.300000 0.300000 0.300000 0.300000 0
377 376 1 0.000000 0.000000 0.000000 0.000000 0.000000 0.000000 0.000000 0.000000 0.000000 0.000000 0.000000 0.000000 0
378 377 1 0.200000 0.200000 0.200000 0.200000 0.200000 0.200000 0.000000 0.000000 0.000000 0.000000 0.000000 0.000000 0
379 378 1 0.200000 0.200000 0.200000 0.200000 0.200000 0.200000 0.000000 0.000000 0.000000 0.000000 0.000000 0.000000 0
380 379 1 0.200000 0.200000 0.200000 0.200000 0.200000 0.200000 0.000000 0.000000 0.000000 0.000000 0.000000 0.000000 0
381 380 1 0.200000 0.200000 0.200000 0.200000 0.200000 0.200000 0.000000 0.000000 0.000000 0.000000 0.000000 0.000000 0
382 381 1 0.200000 0.200000 0.200000 0.200000 0.200000 0.200000 0.000000 0.000000 0.000000 0.000000 0.000000 0.000000 0
383 382 1 0.200000 0.200000 0.200000 0.200000 0.200000 0.200000 0.000000 0.000000 0.000000 0.000000 0.000000 0.000000 0
384 383 1 0.200000 0.200000 0.200000 0.200000 0.200000 0.200000 0.000000 0.000000 0.000000 0.000000 0.000000 0.000000 0
385 384 1 0.200000 0.200000 0.200000 0.200000 0.200000 0.200000 0.000000 0.000000 0.000000 0.000000 0.000000 0.000000 0
386 385 1 0.200000 0.200000 0.200000 0.200000 0.200000 0.200000 0.000000 0.000000 0.000000 0.000000 0.000000 0.000000 0
387 386 1 0.200000 0.200000 0.200000 0.200000 0.200000 0.200000 0.000000 0.000000 0.000000 0.000000 0.000000 0.000000 0
388 387 1 0.200000 0.200000 0.200000 0.200000 0.200000 0.200000 0.000000 0.000000 0.000000 0.000000 0.000000 0.000000 0
389 388 1 0.200000 0.200000 0.200000 0.200000 0.200000 0.200000 0.000000 0.000000 0.000000 0.000000 0.000000 0.000000 0
390 389 0 0.200000 0.200000 0.200000 0.200000 0.200000 0.200000 0.000000 0.000000 0.000000 0.000000 0.000000 0.000000 0
391 390 0 0.200000 0.200000 0.200000 0.200000 0.200000 0.200000 0.000000 0.000000 0.000000 0.000000 0.000000 0.000000 0
392 391 0 0.200000 0.200000 0.200000 0.200000 0.200000 0.200000 0.000000 0.000000 0.000000 0.000000 0.000000 0.000000 0
394 393 0 0.400000 0.400000 0.400000 0.400000 0.400000 0.400000 0.000000 0.000000 0.000000 0.000000 0.000000 0.000000 0
395 394 0 0.400000 0.400000 0.400000 0.400000 0.400000 0.400000 0.000000 0.000000 0.000000 0.000000 0.000000 0.000000 0
396 395 0 0.400000 0.400000 0.400000 0.400000 0.400000 0.400000 0.000000 0.000000 0.000000 0.000000 0.000000 0.000000 0
397 396 0 0.400000 0.400000 0.400000 0.400000 0.400000 0.400000 0.000000 0.000000 0.000000 0.000000 0.000000 0.000000 0
398 397 0 0.400000 0.400000 0.400000 0.400000 0.400000 0.400000 0.000000 0.000000 0.000000 0.000000 0.000000 0.000000 0
399 398 0 0.400000 0.400000 0.400000 0.400000 0.400000 0.400000 0.000000 0.000000 0.000000 0.000000 0.000000 0.000000 0
261 399 0 0.400000 0.400000 0.400000 0.400000 0.400000 0.400000 0.000000 0.000000 0.000000 0.000000 0.000000 0.000000 0
401 400 1 0.200000 0.200000 0.200000 0.200000 0.200000 0.200000 0.000000 0.000000 0.000000 0.000000 0.000000 0.000000 0
402 401 1 0.000000 0.000000 0.000000 0.000000 0.000000 0.000000 0.000000 0.000000 0.000000 0.000000 0.000000 0.000000 0
403 402 1 0.000000 0.000000 0.000000 0.000000 0.000000 0.000000 0.000000 0.000000 0.000000 0.000000 0.000000 0.000000 0
404 403 1 0.000000 0.000000 0.000000 0.000000 0.000000 0.000000 0.000000 0.000000 0.000000 0.000000 0.000000 0.000000 0
405 404 1 0.000000 0.000000 0.000000 0.000000 0.000000 0.000000 0.000000 0.000000 0.000000 0.000000 0.000000 0.000000 0
406 405 1 0.000000 0.000000 0.000000 0.000000 0.000000 0.000000 0.000000 0.000000 0.000000 0.000000 0.000000 0.000000 0
407 406 1 0.000000 0.000000 0.000000 0.000000 0.000000 0.000000 0.000000 0.000000 0.000000 0.000000 0.000000 0.000000 0
408 407 1 0.000000 0.000000 0.000000 0.000000 0.000000 0.000000 0.000000 0.000000 0.000000 0.000000 0.000000 0.000000 0
409 408 1 0.000000 0.000000 0.000000 0.000000 0.000000 0.000000 0.000000 0.000000 0.000000 0.000000 0.000000 0.000000 0
410 409 1 0.000000 0.000000 0.000000 0.000000 0.000000 0.000000 0.000000 0.000000 0.000000 0.000000 0.000000 0.000000 0
411 410 1 0.000000 0.000000 0.000000 0.000000 0.000000 0.000000 0.000000 0.000000 0.000000 0.000000 0.000000 0.000000 0
412 411 1 0.000000 0.000000 0.000000 0.000000 0.000000 0.000000 0.000000 0.000000 0.000000 0.000000 0.000000 0.000000 0
413 412 1 0.000000 0.000000 0.000000 0.000000 0.000000 0.000000 0.000000 0.000000 0.000000 0.000000 0.000000 0.000000 0
414 413 1 0.000000 0.000000 0.000000 0.000000 0.000000 0.000000 0.000000 0.000000 0.000000 0.000000 0.000000 0.000000 0
415 414 1 0.000000 0.000000 0.000000 0.000000 0.000000 0.000000 0.000000 0.000000 0.000000 0.000000 0.000000 0.000000 0
416 415 1 0.000000 0.000000 0.000000 0.000000 0.000000 0.000000 0.000000 0.000000 0.000000 0.000000 0.000000 0.000000 0
417 416 1 0.000000 0.000000 0.000000 0.000000 0.000000 0.000000 0.000000 0.000000 0.000000 0.000000 0.000000 0.000000 0
418 417 1 0.000000 0.000000 0.000000 0.000000 0.000000 0.000000 0.000000 0.000000 0.000000 0.000000 0.000000 0.000000 0
419 418 1 0.000000 0.000000 0.000000 0.000000 0.000000 0.000000 0.000000 0.000000 0.000000 0.000000 0.000000 0.000000 0
420 419 1 0.000000 0.000000 0.000000 0.000000 0.000000 0.000000 0.000000 0.000000 0.000000 0.000000 0.000000 0.000000 0
421 420 1 0.000000 0.000000 0.000000 0.000000 0.000000 0.000000 0.000000 0.000000 0.000000 0.000000 0.000000 0.000000 0
422 421 1 0.000000 0.000000 0.000000 0.000000 0.000000 0.000000 0.000000 0.000000 0.000000 0.000000 0.000000 0.000000 0
423 422 1 0.000000 0.000000 0.000000 0.000000 0.000000 0.000000 0.000000 0.000000 0.000000 0.000000 0.000000 0.000000 0
424 423 1 0.000000 0.000000 0.000000 0.000000 0.000000 0.000000 0.000000 0.000000 0.000000 0.000000 0.000000 0.000000 0
425 424 1 0.000000 0.000000 0.000000 0.000000 0.000000 0.000000 0.000000 0.000000 0.000000 0.000000 0.000000 0.000000 0
426 425 1 0.000000 0.000000 0.000000 0.000000 0.000000 0.000000 0.000000 0.000000 0.000000 0.000000 0.000000 0.000000 0
427 426 1 0.000000 0.000000 0.000000 0.000000 0.000000 0.000000 0.000000 0.000000 0.000000 0.000000 0.000000 0.000000 0
428 427 1 0.000000 0.000000 0.000000 0.000000 0.000000 0.000000 0.000000 0.000000 0.000000 0.000000 0.000000 0.000000 0
429 428 1 0.000000 0.000000 0.000000 0.000000 0.000000 0.000000 0.000000 0.000000 0.000000 0.000000 0.000000 0.000000 0
430 429 1 0.000000 0.000000 0.000000 0.000000 0.000000 0.000000 0.000000 0.000000 0.000000 0.000000 0.000000 0.000000 0
431 430 1 0.000000 0.000000 0.000000 0.000000 0.000000 0.000000 0.000000 0.000000 0.000000 0.000000 0.000000 0.000000 0
432 431 1 0.000000 0.000000 0.000000 0.000000 0.000000 0.000000 0.000000 0.000000 0.000000 0.000000 0.000000 0.000000 0
433 432 1 0.000000 0.000000 0.000000 0.000000 0.000000 0.000000 0.000000 0.000000 0.000000 0.000000 0.000000 0.000000 0
434 433 1 0.000000 0.000000 0.000000 0.000000 0.000000 0.000000 0.000000 0.000000 0.000000 0.000000 0.000000 0.000000 0
435 434 1 0.000000 0.000000 0.000000 0.000000 0.000000 0.000000 0.000000 0.000000 0.000000 0.000000 0.000000 0.000000 0
436 435 1 0.000000 0.000000 0.000000 0.000000 0.000000 0.000000 0.000000 0.000000 0.000000 0.000000 0.000000 0.000000 0
437 436 1 0.000000 0.000000 0.000000 0.000000 0.000000 0.000000 0.000000 0.000000 0.000000 0.000000 0.000000 0.000000 0
438 437 1 0.000000 0.000000 0.000000 0.000000 0.000000 0.000000 0.000000 0.000000 0.000000 0.000000 0.000000 0.000000 0
439 438 1 0.000000 0.000000 0.000000 0.000000 0.000000 0.000000 0.000000 0.000000 0.000000 0.000000 0.000000 0.000000 0
440 439 1 0.000000 0.000000 0.000000 0.000000 0.000000 0.000000 0.000000 0.000000 0.000000 0.000000 0.000000 0.000000 0
441 440 1 0.000000 0.000000 0.000000 0.000000 0.000000 0.000000 0.000000 0.000000 0.000000 0.000000 0.000000 0.000000 0
442 441 1 0.000000 0.000000 0.000000 0.000000 0.000000 0.000000 0.000000 0.000000 0.000000 0.000000 0.000000 0.000000 0
443 442 1 0.000000 0.000000 0.000000 0.000000 0.000000 0.000000 0.000000 0.000000 0.000000 0.000000 0.000000 0.000000 0
444 443 1 0.000000 0.000000 0.000000 0.000000 0.000000 0.000000 0.000000 0.000000 0.000000 0.000000 0.000000 0.000000 0
445 444 1 0.000000 0.000000 0.000000 0.000000 0.000000 0.000000 0.000000 0.000000 0.000000 0.000000 0.000000 0.000000 0
446 445 1 0.000000 0.000000 0.000000 0.000000 0.000000 0.000000 0.000000 0.000000 0.000000 0.000000 0.000000 0.000000 0
447 446 1 0.000000 0.000000 0.000000 0.000000 0.000000 0.000000 0.000000 0.000000 0.000000 0.000000 0.000000 0.000000 0
448 447 0 0.200000 0.200000 0.200000 0.200000 0.200000 0.200000 0.000000 0.000000 0.000000 0.000000 0.000000 0.000000 0
449 448 0 0.200000 0.200000 0.200000 0.200000 0.200000 0.200000 0.000000 0.000000 0.000000 0.000000 0.000000 0.000000 0
450 449 0 0.200000 0.200000 0.200000 0.200000 0.200000 0.200000 0.000000 0.000000 0.000000 0.000000 0.000000 0.000000 0
451 450 0 0.200000 0.200000 0.200000 0.200000 0.200000 0.200000 0.000000 0.000000 0.000000 0.000000 0.000000 0.000000 0
452 451 0 0.200000 0.200000 0.200000 0.200000 0.200000 0.200000 0.000000 0.000000 0.000000 0.000000 0.000000 0.000000 0
453 452 0 0.200000 0.200000 0.200000 0.200000 0.200000 0.200000 0.000000 0.000000 0.000000 0.000000 0.000000 0.000000 0
454 453 0 0.200000 0.200000 0.200000 0.200000 0.200000 0.200000 0.000000 0.000000 0.000000 0.000000 0.000000 0.000000 0
455 454 0 0.200000 0.200000 0.200000 0.200000 0.200000 0.200000 0.000000 0.000000 0.000000 0.000000 0.000000 0.000000 0
456 455 0 0.200000 0.200000 0.200000 0.200000 0.200000 0.200000 0.000000 0.000000 0.000000 0.000000 0.000000 0.000000 0
457 456 0 0.200000 0.200000 0.200000 0.200000 0.200000 0.200000 0.000000 0.000000 0.000000 0.000000 0.000000 0.000000 0
458 457 0 0.200000 0.200000 0.200000 0.200000 0.200000 0.200000 0.000000 0.000000 0.000000 0.000000 0.000000 0.000000 0
459 458 0 0.200000 0.200000 0.200000 0.200000 0.200000 0.200000 0.000000 0.000000 0.000000 0.000000 0.000000 0.000000 0
460 459 0 0.200000 0.200000 0.200000 0.200000 0.200000 0.200000 0.000000 0.000000 0.000000 0.000000 0.000000 0.000000 0
461 460 0 0.200000 0.200000 0.200000 0.200000 0.200000 0.200000 0.000000 0.000000 0.000000 0.000000 0.000000 0.000000 0
462 461 0 0.200000 0.200000 0.200000 0.200000 0.200000 0.200000 0.000000 0.000000 0.000000 0.000000 0.000000 0.000000 0
463 462 0 0.200000 0.200000 0.200000 0.200000 0.200000 0.200000 0.000000 0.000000 0.000000 0.000000 0.000000 0.000000 0
464 463 0 0.200000 0.200000 0.200000 0.200000 0.200000 0.200000 0.000000 0.000000 0.000000 0.000000 0.000000 0.000000 0
465 464 0 0.200000 0.200000 0.200000 0.200000 0.200000 0.200000 0.000000 0.000000 0.000000 0.000000 0.000000 0.000000 0
466 465 0 0.200000 0.200000 0.200000 0.200000 0.200000 0.200000 0.000000 0.000000 0.000000 0.000000 0.000000 0.000000 0
467 466 0 0.200000 0.200000 0.200000 0.200000 0.200000 0.200000 0.000000 0.000000 0.000000 0.000000 0.000000 0.000000 0
468 467 0 0.200000 0.200000 0.200000 0.200000 0.200000 0.200000 0.000000 0.000000 0.000000 0.000000 0.000000 0.000000 0
469 468 0 0.200000 0.200000 0.200000 0.200000 0.200000 0.200000 0.000000 0.000000 0.000000 0.000000 0.000000 0.000000 0
470 469 0 0.200000 0.200000 0.200000 0.200000 0.200000 0.200000 0.000000 0.000000 0.000000 0.000000 0.000000 0.000000 0
471 470 0 0.200000 0.200000 0.200000 0.200000 0.200000 0.200000 0.000000 0.000000 0.000000 0.000000 0.000000 0.000000 0
472 471 0 0.200000 0.200000 0.200000 0.200000 0.200000 0.200000 0.000000 0.000000 0.000000 0.000000 0.000000 0.000000 0
473 472 0 0.200000 0.200000 0.200000 0.200000 0.200000 0.200000 0.000000 0.000000 0.000000 0.000000 0.000000 0.000000 0
474 473 0 0.200000 0.200000 0.200000 0.200000 0.200000 0.200000 0.000000 0.000000 0.000000 0.000000 0.000000 0.000000 0
475 474 0 0.200000 0.200000 0.200000 0.200000 0.200000 0.200000 0.000000 0.000000 0.000000 0.000000 0.000000 0.000000 0
476 475 0 0.200000 0.200000 0.200000 0.200000 0.200000 0.200000 0.000000 0.000000 0.000000 0.000000 0.000000 0.000000 0
477 476 0 0.200000 0.200000 0.200000 0.200000 0.200000 0.200000 0.000000 0.000000 0.000000 0.000000 0.000000 0.000000 0
478 477 0 0.200000 0.200000 0.200000 0.200000 0.200000 0.200000 0.000000 0.000000 0.000000 0.000000 0.000000 0.000000 0
479 478 0 0.200000 0.200000 0.200000 0.200000 0.200000 0.200000 0.000000 0.000000 0.000000 0.000000 0.000000 0.000000 0
480 479 0 0.200000 0.200000 0.200000 0.200000 0.200000 0.200000 0.000000 0.000000 0.000000 0.000000 0.000000 0.000000 0
481 480 0 0.200000 0.200000 0.200000 0.200000 0.200000 0.200000 0.000000 0.000000 0.000000 0.000000 0.000000 0.000000 0
482 481 0 0.200000 0.200000 0.200000 0.200000 0.200000 0.200000 0.000000 0.000000 0.000000 0.000000 0.000000 0.000000 0
483 482 0 0.200000 0.200000 0.200000 0.200000 0.200000 0.200000 0.000000 0.000000 0.000000 0.000000 0.000000 0.000000 0
484 483 0 0.200000 0.200000 0.200000 0.200000 0.200000 0.200000 0.000000 0.000000 0.000000 0.000000 0.000000 0.000000 0
485 484 0 0.200000 0.200000 0.200000 0.200000 0.200000 0.200000 0.000000 0.000000 0.000000 0.000000 0.000000 0.000000 0
486 485 0 0.200000 0.200000 0.200000 0.200000 0.200000 0.200000 0.000000 0.000000 0.000000 0.000000 0.000000 0.000000 0
487 486 0 0.200000 0.200000 0.200000 0.200000 0.200000 0.200000 0.000000 0.000000 0.000000 0.000000 0.000000 0.000000 0
488 487 0 0.200000 0.200000 0.200000 0.200000 0.200000 0.200000 0.000000 0.000000 0.000000 0.000000 0.000000 0.000000 0
489 488 0 0.200000 0.200000 0.200000 0.200000 0.200000 0.200000 0.000000 0.000000 0.000000 0.000000 0.000000 0.000000 0
490 489 0 0.200000 0.200000 0.200000 0.200000 0.200000 0.200000 0.000000 0.000000 0.000000 0.000000 0.000000 0.000000 0
491 490 0 0.200000 0.200000 0.200000 0.200000 0.200000 0.200000 0.000000 0.000000 0.000000 0.000000 0.000000 0.000000 0
492 491 0 0.200000 0.200000 0.200000 0.200000 0.200000 0.200000 0.000000 0.000000 0.000000 0.000000 0.000000 0.000000 0
493 492 0 0.200000 0.200000 0.200000 0.200000 0.200000 0.200000 0.000000 0.000000 0.000000 0.000000 0.000000 0.000000 0
494 493 0 0.200000 0.200000 0.200000 0.200000 0.200000 0.200000 0.000000 0.000000 0.000000 0.000000 0.000000 0.000000 0
495 494 0 0.300000 0.300000 0.300000 0.200000 0.200000 0.200000 0.000000 0.000000 0.000000 0.000000 0.000000 0.000000 0
496 495 0 0.300000 0.300000 0.300000 0.300000 0.300000 0.300000 0.000000 0.000000 0.000000 0.000000 0.000000 0.000000 0
497 496 0 0.300000 0.300000 0.300000 0.300000 0.300000 0.300000 0.000000 0.000000 0.000000 0.000000 0.000000 0.000000 0
498 497 0 0.300000 0.300000 0.300000 0.300000 0.300000 0.300000 0.000000 0.000000 0.000000 0.000000 0.000000 0.000000 0
499 498 0 0.300000 0.300000 0.300000 0.300000 0.300000 0.300000 0.000000 0.000000 0.000000 0.000000 0.000000 0.000000 0
500 499 0 0.300000 0.300000 0.300000 0.300000 0.300000 0.300000 0.000000 0.000000 0.000000 0.000000 0.000000 0.000000 0
501 500 0 0.300000 0.300000 0.300000 0.300000 0.300000 0.300000 0.000000 0.000000 0.000000 0.000000 0.000000 0.000000 0
502 501 0 0.300000 0.300000 0.300000 0.300000 0.300000 0.300000 0.000000 0.000000 0.000000 0.000000 0.000000 0.000000 0
503 502 0 0.300000 0.300000 0.300000 0.300000 0.300000 0.300000 0.000000 0.000000 0.000000 0.000000 0.000000 0.000000 0
504 503 0 0.300000 0.300000 0.300000 0.300000 0.300000 0.300000 0.000000 0.000000 0.000000 0.000000 0.000000 0.000000 0
505 504 0 0.300000 0.300000 0.300000 0.300000 0.300000 0.300000 0.000000 0.000000 0.000000 0.000000 0.000000 0.000000 0
506 505 0 0.300000 0.300000 0.300000 0.300000 0.300000 0.300000 0.000000 0.000000 0.000000 0.000000 0.000000 0.000000 0
507 506 0 0.300000 0.300000 0.300000 0.300000 0.300000 0.300000 0.000000 0.000000 0.000000 0.000000 0.000000 0.000000 0
508 507 0 0.300000 0.300000 0.300000 0.300000 0.300000 0.300000 0.000000 0.000000 0.000000 0.000000 0.000000 0.000000 0
509 508 0 0.300000 0.300000 0.300000 0.300000 0.300000 0.300000 0.000000 0.000000 0.000000 0.000000 0.000000 0.000000 0
510 509 0 0.300000 0.300000 0.300000 0.300000 0.300000 0.300000 0.000000 0.000000 0.000000 0.000000 0.000000 0.000000 0
511 510 0 0.300000 0.300000 0.300000 0.300000 0.300000 0.300000 0.000000 0.000000 0.000000 0.000000 0.000000 0.000000 0
512 511 0 0.300000 0.300000 0.300000 0.300000 0.300000 0.300000 0.000000 0.000000 0.000000 0.000000 0.000000 0.000000 0
513 512 0 0.300000 0.300000 0.300000 0.300000 0.300000 0.300000 0.000000 0.000000 0.000000 0.000000 0.000000 0.000000 0
514 513 0 0.400000 0.400000 0.400000 0.300000 0.300000 0.300000 0.000000 0.000000 0.000000 0.000000 0.000000 0.000000 0
515 514 0 0.400000 0.400000 0.400000 0.400000 0.400000 0.400000 0.000000 0.000000 0.000000 0.000000 0.000000 0.000000 0
516 515 0 0.400000 0.400000 0.400000 0.400000 0.400000 0.400000 0.000000 0.000000 0.000000 0.000000 0.000000 0.000000 0
517 516 0 0.400000 0.400000 0.400000 0.400000 0.400000 0.400000 0.000000 0.000000 0.000000 0.000000 0.000000 0.000000 0
518 517 0 0.400000 0.400000 0.400000 0.400000 0.400000 0.400000 0.000000 0.000000 0.000000 0.000000 0.000000 0.000000 0
519 518 0 0.400000 0.400000 0.400000 0.400000 0.400000 0.400000 0.000000 0.000000 0.000000 0.000000 0.000000 0.000000 0
520 519 0 0.400000 0.400000 0.400000 0.400000 0.400000 0.400000 0.000000 0.000000 0.000000 0.000000 0.000000 0.000000 0
521 520 0 0.400000 0.400000 0.400000 0.400000 0.400000 0.400000 0.000000 0.000000 0.000000 0.000000 0.000000 0.000000 0
522 521 0 0.400000 0.400000 0.400000 0.400000 0.400000 0.400000 0.000000 0.000000 0.000000 0.000000 0.000000 0.000000 0
523 522 0 0.400000 0.400000 0.400000 0.400000 0.400000 0.400000 0.000000 0.000000 0.000000 0.000000 0.000000 0.000000 0
524 523 0 0.400000 0.400000 0.400000 0.400000 0.400000 0.400000 0.000000 0.000000 0.000000 0.000000 0.000000 0.000000 0
525 524 0 0.400000 0.400000 0.400000 0.400000 0.400000 0.400000 0.000000 0.000000 0.000000 0.000000 0.000000 0.000000 0
526 525 0 0.400000 0.400000 0.400000 0.400000 0.400000 0.400000 0.000000 0.000000 0.000000 0.000000 0.000000 0.000000 0
527 526 0 0.400000 0.400000 0.400000 0.400000 0.400000 0.400000 0.000000 0.000000 0.000000 0.000000 0.000000 0.000000 0
528 527 0 0.400000 0.400000 0.400000 0.400000 0.400000 0.400000 0.000000 0.000000 0.000000 0.000000 0.000000 0.000000 0
529 528 0 0.400000 0.400000 0.400000 0.400000 0.400000 0.400000 0.000000 0.000000 0.000000 0.000000 0.000000 0.000000 0
530 529 0 0.400000 0.400000 0.400000 0.400000 0.400000 0.400000 0.000000 0.000000 0.000000 0.000000 0.000000 0.000000 0
531 530 0 0.400000 0.400000 0.400000 0.400000 0.400000 0.400000 0.000000 0.000000 0.000000 0.000000 0.000000 0.000000 0
532 531 0 0.400000 0.400000 0.400000 0.400000 0.400000 0.400000 0.000000 0.000000 0.000000 0.000000 0.000000 0.000000 0
533 532 0 0.400000 0.400000 0.400000 0.400000 0.400000 0.400000 0.000000 0.000000 0.000000 0.000000 0.000000 0.000000 0
534 533 0 0.400000 0.400000 0.400000 0.400000 0.400000 0.400000 0.000000 0.000000 0.000000 0.000000 0.000000 0.000000 0
535 534 0 0.400000 0.400000 0.400000 0.400000 0.400000 0.400000 0.000000 0.000000 0.000000 0.000000 0.000000 0.000000 0
536 535 0 0.400000 0.400000 0.400000 0.400000 0.400000 0.400000 0.000000 0.000000 0.000000 0.000000 0.000000 0.000000 0
537 536 0 0.400000 0.400000 0.400000 0.400000 0.400000 0.400000 0.000000 0.000000 0.000000 0.000000 0.000000 0.000000 0
539 693 0 0.200000 0.200000 0.200000 0.200000 0.200000 0.200000 0.000000 0.000000 0.000000 0.000000 0.000000 0.000000 0
540 539 0 0.200000 0.200000 0.200000 0.200000 0.200000 0.200000 0.000000 0.000000 0.000000 0.000000 0.000000 0.000000 0
541 540 0 0.200000 0.200000 0.200000 0.200000 0.200000 0.200000 0.000000 0.000000 0.000000 0.000000 0.000000 0.000000 0
542 541 0 0.200000 0.200000 0.200000 0.200000 0.200000 0.200000 0.000000 0.000000 0.000000 0.000000 0.000000 0.000000 0
543 542 0 0.200000 0.200000 0.200000 0.200000 0.200000 0.200000 0.000000 0.000000 0.000000 0.000000 0.000000 0.000000 0
544 543 0 0.200000 0.200000 0.200000 0.200000 0.200000 0.200000 0.000000 0.000000 0.000000 0.000000 0.000000 0.000000 0
545 544 1 0.200000 0.200000 0.200000 0.200000 0.200000 0.200000 0.000000 0.000000 0.000000 0.000000 0.000000 0.000000 0
400 545 1 0.200000 0.200000 0.200000 0.200000 0.200000 0.200000 0.000000 0.000000 0.000000 0.000000 0.000000 0.000000 0
547 546 0 0.200000 0.200000 0.200000 0.200000 0.200000 0.200000 0.000000 0.000000 0.000000 0.000000 0.000000 0.000000 0
548 547 0 0.200000 0.200000 0.200000 0.200000 0.200000 0.200000 0.000000 0.000000 0.000000 0.000000 0.000000 0.000000 0
549 548 0 0.200000 0.200000 0.200000 0.200000 0.200000 0.200000 0.000000 0.000000 0.000000 0.000000 0.000000 0.000000 0
550 549 0 0.200000 0.200000 0.200000 0.200000 0.200000 0.200000 0.000000 0.000000 0.000000 0.000000 0.000000 0.000000 0
551 550 0 0.200000 0.200000 0.200000 0.200000 0.200000 0.200000 0.000000 0.000000 0.000000 0.000000 0.000000 0.000000 0
552 551 1 0.200000 0.200000 0.200000 0.200000 0.200000 0.200000 0.000000 0.000000 0.000000 0.000000 0.000000 0.000000 0
553 552 1 0.200000 0.200000 0.200000 0.200000 0.200000 0.200000 0.000000 0.000000 0.000000 0.000000 0.000000 0.000000 0
554 553 1 0.200000 0.200000 0.200000 0.200000 0.200000 0.200000 0.000000 0.000000 0.000000 0.000000 0.000000 0.000000 0
555 554 1 0.200000 0.200000 0.200000 0.200000 0.200000 0.200000 0.000000 0.000000 0.000000 0.000000 0.000000 0.000000 0
556 555 1 0.200000 0.200000 0.200000 0.200000 0.200000 0.200000 0.000000 0.000000 0.000000 0.000000 0.000000 0.000000 0
557 556 1 0.200000 0.200000 0.200000 0.200000 0.200000 0.200000 0.000000 0.000000 0.000000 0.000000 0.000000 0.000000 0
558 557 1 0.200000 0.200000 0.200000 0.200000 0.200000 0.200000 0.000000 0.000000 0.000000 0.000000 0.000000 0.000000 0
559 558 1 0.200000 0.200000 0.200000 0.200000 0.200000 0.200000 0.000000 0.000000 0.000000 0.000000 0.000000 0.000000 0
560 559 1 0.200000 0.200000 0.200000 0.200000 0.200000 0.200000 0.000000 0.000000 0.000000 0.000000 0.000000 0.000000 0
561 560 1 0.200000 0.200000 0.200000 0.200000 0.200000 0.200000 0.000000 0.000000 0.000000 0.000000 0.000000 0.000000 0
562 561 1 0.200000 0.200000 0.200000 0.200000 0.200000 0.200000 0.000000 0.000000 0.000000 0.000000 0.000000 0.000000 0
563 562 1 0.200000 0.200000 0.200000 0.200000 0.200000 0.200000 0.000000 0.000000 0.000000 0.000000 0.000000 0.000000 0
564 563 1 0.200000 0.200000 0.200000 0.200000 0.200000 0.200000 0.000000 0.000000 0.000000 0.000000 0.000000 0.000000 0
565 564 1 0.200000 0.200000 0.200000 0.200000 0.200000 0.200000 0.000000 0.000000 0.000000 0.000000 0.000000 0.000000 0
566 565 1 0.200000 0.200000 0.200000 0.200000 0.200000 0.200000 0.000000 0.000000 0.000000 0.000000 0.000000 0.000000 0
567 566 1 0.200000 0.200000 0.200000 0.200000 0.200000 0.200000 0.000000 0.000000 0.000000 0.000000 0.000000 0.000000 0
568 567 1 0.200000 0.200000 0.200000 0.200000 0.200000 0.200000 0.000000 0.000000 0.000000 0.000000 0.000000 0.000000 0
569 568 1 0.200000 0.200000 0.200000 0.200000 0.200000 0.200000 0.000000 0.000000 0.000000 0.000000 0.000000 0.000000 0
570 569 1 0.200000 0.200000 0.200000 0.200000 0.200000 0.200000 0.000000 0.000000 0.000000 0.000000 0.000000 0.000000 0
571 570 1 0.000000 0.000000 0.000000 0.000000 0.000000 0.000000 0.000000 0.000000 0.000000 0.000000 0.000000 0.000000 0
572 571 1 0.000000 0.000000 0.000000 0.000000 0.000000 0.000000 0.000000 0.000000 0.000000 0.000000 0.000000 0.000000 0
573 572 1 0.000000 0.000000 0.000000 0.000000 0.000000 0.000000 0.000000 0.000000 0.000000 0.000000 0.000000 0.000000 0
574 573 1 0.000000 0.000000 0.000000 0.000000 0.000000 0.000000 0.000000 0.000000 0.000000 0.000000 0.000000 0.000000 0
575 574 1 0.000000 0.000000 0.000000 0.000000 0.000000 0.000000 0.000000 0.000000 0.000000 0.000000 0.000000 0.000000 0
576 575 1 0.000000 0.000000 0.000000 0.000000 0.000000 0.000000 0.000000 0.000000 0.000000 0.000000 0.000000 0.000000 0
577 576 1 0.000000 0.000000 0.000000 0.000000 0.000000 0.000000 0.000000 0.000000 0.000000 0.000000 0.000000 0.000000 0
578 577 1 0.000000 0.000000 0.000000 0.000000 0.000000 0.000000 0.000000 0.000000 0.000000 0.000000 0.000000 0.000000 0
579 578 1 0.000000 0.000000 0.000000 0.000000 0.000000 0.000000 0.000000 0.000000 0.000000 0.000000 0.000000 0.000000 0
580 579 1 0.000000 0.000000 0.000000 0.000000 0.000000 0.000000 0.000000 0.000000 0.000000 0.000000 0.000000 0.000000 0
581 580 1 0.000000 0.000000 0.000000 0.000000 0.000000 0.000000 0.000000 0.000000 0.000000 0.000000 0.000000 0.000000 0
582 581 1 0.000000 0.000000 0.000000 0.000000 0.000000 0.000000 0.000000 0.000000 0.000000 0.000000 0.000000 0.000000 0
583 582 1 0.000000 0.000000 0.000000 0.000000 0.000000 0.000000 0.000000 0.000000 0.000000 0.000000 0.000000 0.000000 0
584 583 1 0.000000 0.000000 0.000000 0.000000 0.000000 0.000000 0.300000 0.300000 0.300000 0.300000 0.300000 0.300000 0
585 584 1 0.000000 0.000000 0.000000 0.000000 0.000000 0.000000 0.300000 0.300000 0.300000 0.300000 0.300000 0.300000 0
586 585 1 0.000000 0.000000 0.000000 0.000000 0.000000 0.000000 0.300000 0.300000 0.300000 0.300000 0.300000 0.300000 0
587 586 1 0.000000 0.000000 0.000000 0.000000 0.000000 0.000000 0.300000 0.300000 0.300000 0.300000 0.300000 0.300000 0
588 587 1 0.000000 0.000000 0.000000 0.000000 0.000000 0.000000 0.300000 0.300000 0.300000 0.300000 0.300000 0.300000 0
589 588 1 0.000000 0.000000 0.000000 0.000000 0.000000 0.000000 0.300000 0.300000 0.300000 0.300000 0.300000 0.300000 0
590 589 1 0.000000 0.000000 0.000000 0.000000 0.000000 0.000000 0.300000 0.300000 0.300000 0.300000 0.300000 0.300000 0
591 590 1 0.000000 0.000000 0.000000 0.000000 0.000000 0.000000 0.300000 0.300000 0.300000 0.300000 0.300000 0.300000 0
592 591 1 0.000000 0.000000 0.000000 0.000000 0.000000 0.000000 0.300000 0.300000 0.300000 0.300000 0.300000 0.300000 0
593 592 1 0.000000 0.000000 0.000000 0.000000 0.000000 0.000000 0.300000 0.300000 0.300000 0.300000 0.300000 0.300000 0
594 593 1 0.000000 0.000000 0.000000 0.000000 0.000000 0.000000 0.300000 0.300000 0.300000 0.300000 0.300000 0.300000 0
595 594 1 0.000000 0.000000 0.000000 0.000000 0.000000 0.000000 0.300000 0.300000 0.300000 0.300000 0.300000 0.300000 0
596 595 1 0.000000 0.000000 0.000000 0.000000 0.000000 0.000000 0.300000 0.300000 0.300000 0.300000 0.300000 0.300000 0
597 596 1 0.000000 0.000000 0.000000 0.000000 0.000000 0.000000 0.300000 0.300000 0.300000 0.300000 0.300000 0.300000 0
598 597 1 0.000000 0.000000 0.000000 0.000000 0.000000 0.000000 0.300000 0.300000 0.300000 0.300000 0.300000 0.300000 0
599 598 1 0.000000 0.000000 0.000000 0.000000 0.000000 0.000000 0.300000 0.300000 0.300000 0.300000 0.300000 0.300000 0
600 599 1 0.000000 0.000000 0.000000 0.000000 0.000000 0.000000 0.300000 0.300000 0.300000 0.300000 0.300000 0.300000 0
601 600 1 0.000000 0.000000 0.000000 0.000000 0.000000 0.000000 0.300000 0.300000 0.300000 0.300000 0.300000 0.300000 0
602 601 1 0.000000 0.000000 0.000000 0.000000 0.000000 0.000000 0.300000 0.300000 0.300000 0.300000 0.300000 0.300000 0
603 602 1 0.000000 0.000000 0.000000 0.000000 0.000000 0.000000 0.300000 0.300000 0.300000 0.300000 0.300000 0.300000 0
604 603 1 0.000000 0.000000 0.000000 0.000000 0.000000 0.000000 0.300000 0.300000 0.300000 0.300000 0.300000 0.300000 0
605 604 1 0.000000 0.000000 0.000000 0.000000 0.000000 0.000000 0.300000 0.300000 0.300000 0.300000 0.300000 0.300000 0
606 605 1 0.000000 0.000000 0.000000 0.000000 0.000000 0.000000 0.300000 0.300000 0.300000 0.300000 0.300000 0.300000 0
607 606 1 0.000000 0.000000 0.000000 0.000000 0.000000 0.000000 0.300000 0.300000 0.300000 0.300000 0.300000 0.300000 0
608 607 1 0.000000 0.000000 0.000000 0.000000 0.000000 0.000000 0.300000 0.300000 0.300000 0.300000 0.300000 0.300000 0
609 608 1 0.000000 0.000000 0.000000 0.000000 0.000000 0.000000 0.300000 0.300000 0.300000 0.300000 0.300000 0.300000 0
610 609 1 0.000000 0.000000 0.000000 0.000000 0.000000 0.000000 0.300000 0.300000 0.300000 0.300000 0.300000 0.300000 0
611 610 1 0.000000 0.000000 0.000000 0.000000 0.000000 0.000000 0.300000 0.300000 0.300000 0.300000 0.300000 0.300000 0
612 611 1 0.000000 0.000000 0.000000 0.000000 0.000000 0.000000 0.300000 0.300000 0.300000 0.300000 0.300000 0.300000 0
613 612 1 0.000000 0.000000 0.000000 0.000000 0.000000 0.000000 0.300000 0.300000 0.300000 0.300000 0.300000 0.300000 0
614 613 1 0.000000 0.000000 0.000000 0.000000 0.000000 0.000000 0.300000 0.300000 0.300000 0.300000 0.300000 0.300000 0
615 614 1 0.000000 0.000000 0.000000 0.000000 0.000000 0.000000 0.300000 0.300000 0.300000 0.300000 0.300000 0.300000 0
616 615 1 0.000000 0.000000 0.000000 0.000000 0.000000 0.000000 0.300000 0.300000 0.300000 0.300000 0.300000 0.300000 0
617 616 1 0.000000 0.000000 0.000000 0.000000 0.000000 0.000000 0.300000 0.300000 0.300000 0.300000 0.300000 0.300000 0
618 617 1 0.000000 0.000000 0.000000 0.000000 0.000000 0.000000 0.300000 0.300000 0.300000 0.300000 0.300000 0.300000 0
619 618 1 0.000000 0.000000 0.000000 0.000000 0.000000 0.000000 0.300000 0.300000 0.300000 0.300000 0.300000 0.300000 0
620 619 1 0.000000 0.000000 0.000000 0.000000 0.000000 0.000000 0.300000 0.300000 0.300000 0.300000 0.300000 0.300000 0
621 620 1 0.000000 0.000000 0.000000 0.000000 0.000000 0.000000 0.300000 0.300000 0.300000 0.300000 0.300000 0.300000 0
622 621 1 0.000000 0.000000 0.000000 0.000000 0.000000 0.000000 0.300000 0.300000 0.300000 0.300000 0.300000 0.300000 0
623 622 1 0.000000 0.000000 0.000000 0.000000 0.000000 0.000000 0.300000 0.300000 0.300000 0.300000 0.300000 0.300000 0
624 623 1 0.000000 0.000000 0.000000 0.000000 0.000000 0.000000 0.300000 0.300000 0.300000 0.300000 0.300000 0.300000 0
625 624 1 0.000000 0.000000 0.000000 0.000000 0.000000 0.000000 0.300000 0.300000 0.300000 0.300000 0.300000 0.300000 0
626 625 1 0.000000 0.000000 0.000000 0.000000 0.000000 0.000000 0.300000 0.300000 0.300000 0.300000 0.300000 0.300000 0
627 626 1 0.000000 0.000000 0.000000 0.000000 0.000000 0.000000 0.300000 0.300000 0.300000 0.300000 0.300000 0.300000 0
628 627 1 0.000000 0.000000 0.000000 0.000000 0.000000 0.000000 0.300000 0.300000 0.300000 0.300000 0.300000 0.300000 0
629 628 1 0.000000 0.000000 0.000000 0.000000 0.000000 0.000000 0.300000 0.300000 0.300000 0.300000 0.300000 0.300000 0
630 629 1 0.000000 0.000000 0.000000 0.000000 0.000000 0.000000 0.300000 0.300000 0.300000 0.300000 0.300000 0.300000 0
631 630 1 0.000000 0.000000 0.000000 0.000000 0.000000 0.000000 0.300000 0.300000 0.300000 0.300000 0.300000 0.300000 0
632 631 1 0.000000 0.000000 0.000000 0.000000 0.000000 0.000000 0.300000 0.300000 0.300000 0.300000 0.300000 0.300000 0
633 632 1 0.000000 0.000000 0.000000 0.000000 0.000000 0.000000 0.300000 0.300000 0.300000 0.300000 0.300000 0.300000 0
634 633 1 0.000000 0.000000 0.000000 0.000000 0.000000 0.000000 0.300000 0.300000 0.300000 0.300000 0.300000 0.300000 0
635 634 1 0.000000 0.000000 0.000000 0.000000 0.000000 0.000000 0.000000 0.000000 0.000000 0.000000 0.000000 0.000000 0
636 635 1 0.000000 0.000000 0.000000 0.000000 0.000000 0.000000 0.000000 0.000000 0.000000 0.000000 0.000000 0.000000 0
637 636 1 0.000000 0.000000 0.000000 0.000000 0.000000 0.000000 0.000000 0.000000 0.000000 0.000000 0.000000 0.000000 0
638 637 1 0.000000 0.000000 0.000000 0.000000 0.000000 0.000000 0.000000 0.000000 0.000000 0.000000 0.000000 0.000000 0
639 638 1 0.000000 0.000000 0.000000 0.000000 0.000000 0.000000 0.000000 0.000000 0.000000 0.000000 0.000000 0.000000 0
640 639 1 0.000000 0.000000 0.000000 0.000000 0.000000 0.000000 0.000000 0.000000 0.000000 0.000000 0.000000 0.000000 0
641 640 1 0.000000 0.000000 0.000000 0.000000 0.000000 0.000000 0.000000 0.000000 0.000000 0.000000 0.000000 0.000000 0
642 641 1 0.000000 0.000000 0.000000 0.000000 0.000000 0.000000 0.000000 0.000000 0.000000 0.000000 0.000000 0.000000 0
643 642 1 0.000000 0.000000 0.000000 0.000000 0.000000 0.000000 0.000000 0.000000 0.000000 0.000000 0.000000 0.000000 0
644 643 1 0.000000 0.000000 0.000000 0.000000 0.000000 0.000000 0.000000 0.000000 0.000000 0.000000 0.000000 0.000000 0
645 644 1 0.000000 0.000000 0.000000 0.000000 0.000000 0.000000 0.000000 0.000000 0.000000 0.000000 0.000000 0.000000 0
646 645 1 0.000000 0.000000 0.000000 0.000000 0.000000 0.000000 0.000000 0.000000 0.000000 0.000000 0.000000 0.000000 0
647 646 1 0.000000 0.000000 0.000000 0.000000 0.000000 0.000000 0.000000 0.000000 0.000000 0.000000 0.000000 0.000000 0
648 647 1 0.000000 0.000000 0.000000 0.000000 0.000000 0.000000 0.000000 0.000000 0.000000 0.000000 0.000000 0.000000 0
649 648 1 0.000000 0.000000 0.000000 0.000000 0.000000 0.000000 0.000000 0.000000 0.000000 0.000000 0.000000 0.000000 0
650 649 1 0.000000 0.000000 0.000000 0.000000 0.000000 0.000000 0.000000 0.000000 0.000000 0.000000 0.000000 0.000000 0
651 650 1 0.000000 0.000000 0.000000 0.000000 0.000000 0.000000 0.000000 0.000000 0.000000 0.000000 0.000000 0.000000 0
652 651 1 0.000000 0.000000 0.000000 0.000000 0.000000 0.000000 0.000000 0.000000 0.000000 0.000000 0.000000 0.000000 0
653 652 1 0.000000 0.000000 0.000000 0.000000 0.000000 0.000000 0.000000 0.000000 0.000000 0.000000 0.000000 0.000000 0
654 653 1 0.000000 0.000000 0.000000 0.000000 0.000000 0.000000 0.000000 0.000000 0.000000 0.000000 0.000000 0.000000 0
655 654 1 0.000000 0.000000 0.000000 0.000000 0.000000 0.000000 0.000000 0.000000 0.000000 0.000000 0.000000 0.000000 0
656 655 1 0.000000 0.000000 0.000000 0.000000 0.000000 0.000000 0.000000 0.000000 0.000000 0.000000 0.000000 0.000000 0
657 656 1 0.000000 0.000000 0.000000 0.000000 0.000000 0.000000 0.000000 0.000000 0.000000 0.000000 0.000000 0.000000 0
658 657 1 0.000000 0.000000 0.000000 0.000000 0.000000 0.000000 0.000000 0.000000 0.000000 0.000000 0.000000 0.000000 0
659 658 1 0.000000 0.000000 0.000000 0.000000 0.000000 0.000000 0.000000 0.000000 0.000000 0.000000 0.000000 0.000000 0
660 659 1 0.000000 0.000000 0.000000 0.000000 0.000000 0.000000 0.000000 0.000000 0.000000 0.000000 0.000000 0.000000 0
661 660 1 0.000000 0.000000 0.000000 0.000000 0.000000 0.000000 0.000000 0.000000 0.000000 0.000000 0.000000 0.000000 0
662 661 1 0.000000 0.000000 0.000000 0.000000 0.000000 0.000000 0.000000 0.000000 0.000000 0.000000 0.000000 0.000000 0
663 662 1 0.000000 0.000000 0.000000 0.000000 0.000000 0.000000 0.000000 0.000000 0.000000 0.000000 0.000000 0.000000 0
664 663 1 0.000000 0.000000 0.000000 0.000000 0.000000 0.000000 0.000000 0.000000 0.000000 0.000000 0.000000 0.000000 0
665 664 1 0.000000 0.000000 0.000000 0.000000 0.000000 0.000000 0.000000 0.000000 0.000000 0.000000 0.000000 0.000000 0
666 665 1 0.000000 0.000000 0.000000 0.000000 0.000000 0.000000 0.000000 0.000000 0.000000 0.000000 0.000000 0.000000 0
667 666 1 0.000000 0.000000 0.000000 0.000000 0.000000 0.000000 0.000000 0.000000 0.000000 0.000000 0.000000 0.000000 0
668 667 1 0.000000 0.000000 0.000000 0.000000 0.000000 0.000000 0.000000 0.000000 0.000000 0.000000 0.000000 0.000000 0
669 668 1 0.000000 0.000000 0.000000 0.000000 0.000000 0.000000 0.000000 0.000000 0.000000 0.000000 0.000000 0.000000 0
670 669 1 0.000000 0.000000 0.000000 0.000000 0.000000 0.000000 0.000000 0.000000 0.000000 0.000000 0.000000 0.000000 0
671 670 1 0.000000 0.000000 0.000000 0.000000 0.000000 0.000000 0.000000 0.000000 0.000000 0.000000 0.000000 0.000000 0
672 671 1 0.000000 0.000000 0.000000 0.000000 0.000000 0.000000 0.000000 0.000000 0.000000 0.000000 0.000000 0.000000 0
673 672 1 0.000000 0.000000 0.000000 0.000000 0.000000 0.000000 0.000000 0.000000 0.000000 0.000000 0.000000 0.000000 0
674 673 1 0.000000 0.000000 0.000000 0.000000 0.000000 0.000000 0.000000 0.000000 0.000000 0.000000 0.000000 0.000000 0
675 674 1 0.000000 0.000000 0.000000 0.000000 0.000000 0.000000 0.000000 0.000000 0.000000 0.000000 0.000000 0.000000 0
676 675 1 0.200000 0.200000 0.200000 0.200000 0.200000 0.200000 0.000000 0.000000 0.000000 0.000000 0.000000 0.000000 0
677 676 1 0.200000 0.200000 0.200000 0.200000 0.200000 0.200000 0.000000 0.000000 0.000000 0.000000 0.000000 0.000000 0
678 677 0 0.200000 0.200000 0.200000 0.200000 0.200000 0.200000 0.000000 0.000000 0.000000 0.000000 0.000000 0.000000 0
679 678 0 0.200000 0.200000 0.200000 0.200000 0.200000 0.200000 0.000000 0.000000 0.000000 0.000000 0.000000 0.000000 0
680 679 0 0.200000 0.200000 0.200000 0.200000 0.200000 0.200000 0.000000 0.000000 0.000000 0.000000 0.000000 0.000000 0
681 694 0 0.200000 0.200000 0.200000 0.200000 0.200000 0.200000 0.000000 0.000000 0.000000 0.000000 0.000000 0.000000 0
546 682 0 0.200000 0.200000 0.200000 0.200000 0.200000 0.200000 0.000000 0.000000 0.000000 0.000000 0.000000 0.000000 0
682 0 0 0.200000 0.200000 0.200000 0.200000 0.200000 0.200000 0.000000 0.000000 0.000000 0.000000 0.000000 0.000000 0
683 684 0 0.200000 0.200000 0.200000 0.200000 0.200000 0.200000 0.000000 0.000000 0.000000 0.000000 0.000000 0.000000 0
685 687 0 0.400000 0.400000 0.400000 0.400000 0.400000 0.400000 0.000000 0.000000 0.000000 0.000000 0.000000 0.000000 0
687 688 0 0.400000 0.400000 0.400000 0.400000 0.400000 0.400000 0.000000 0.000000 0.000000 0.000000 0.000000 0.000000 0
688 686 0 0.400000 0.400000 0.400000 0.400000 0.400000 0.400000 0.000000 0.000000 0.000000 0.000000 0.000000 0.000000 0
689 691 0 0.400000 0.400000 0.400000 0.400000 0.400000 0.400000 0.000000 0.000000 0.000000 0.000000 0.000000 0.000000 0
691 692 0 0.400000 0.400000 0.400000 0.400000 0.400000 0.400000 0.000000 0.000000 0.000000 0.000000 0.000000 0.000000 0
692 690 0 0.400000 0.400000 0.400000 0.400000 0.400000 0.400000 0.000000 0.000000 0.000000 0.000000 0.000000 0.000000 0
114 683 0 0.200000 0.200000 0.200000 0.200000 0.200000 0.200000 0.000000 0.000000 0.000000 0.000000 0.000000 0.000000 0
684 392 0 0.200000 0.200000 0.200000 0.200000 0.200000 0.200000 0.000000 0.000000 0.000000 0.000000 0.000000 0.000000 0
393 685 0 0.400000 0.400000 0.400000 0.400000 0.400000 0.400000 0.000000 0.000000 0.000000 0.000000 0.000000 0.000000 0
686 253 0 0.400000 0.400000 0.400000 0.400000 0.400000 0.400000 0.000000 0.000000 0.000000 0.000000 0.000000 0.000000 0
254 689 0 0.400000 0.400000 0.400000 0.400000 0.400000 0.400000 0.000000 0.000000 0.000000 0.000000 0.000000 0.000000 0
690 537 0 0.400000 0.400000 0.400000 0.400000 0.400000 0.400000 0.000000 0.000000 0.000000 0.000000 0.000000 0.000000 0
695 681 0 0.200000 0.200000 0.200000 0.200000 0.200000 0.200000 0.000000 0.000000 0.000000 0.000000 0.000000 0.000000 0
693 538 0 0.200000 0.200000 0.200000 0.200000 0.200000 0.200000 0.000000 0.000000 0.000000 0.000000 0.000000 0.000000 0
694 680 0 0.200000 0.200000 0.200000 0.200000 0.200000 0.200000 0.000000 0.000000 0.000000 0.000000 0.000000 0.000000 0
538 695 0 0.200000 0.200000 0.200000 0.200000 0.200000 0.200000 0.000000 0.000000 0.000000 0.000000 0.000000 0.000000 0
